t;teta(t);wr(t);erreur;pwm
0;0.00;0.00;180.00;0.00
50000;0.00;0.00;180.00;255.00
100000;0.00;310.17;180.00;255.00
150000;15.51;646.18;164.49;255.00
200000;47.82;775.41;132.18;255.00
250000;86.59;827.11;93.41;255.00
300000;127.94;852.95;52.06;255.00
350000;170.59;861.57;9.41;255.00
400000;213.67;-861.57;-33.67;255.00
450000;170.59;336.01;9.41;255.00
500000;187.39;232.62;-7.39;255.00
550000;199.02;611.71;-19.02;255.00
600000;229.61;-766.80;-49.61;255.00
650000;191.27;292.93;-11.27;255.00
700000;205.92;-206.78;-25.92;255.00
750000;195.58;198.16;-15.58;255.00
800000;205.48;-198.16;-25.48;255.00
850000;195.58;198.16;-15.58;255.00
900000;205.48;-198.16;-25.48;255.00
950000;195.58;198.16;-15.58;255.00
1000004;205.48;-198.16;-25.48;255.00
1050004;195.58;206.78;-15.58;255.00
1100004;205.92;-198.16;-25.92;255.00
1150004;196.01;206.78;-16.01;255.00
1200004;206.35;-198.16;-26.35;255.00
1250004;196.44;206.78;-16.44;255.00
1300004;206.78;-198.16;-26.78;255.00
1350004;196.87;-206.78;-16.87;255.00
1400004;186.53;560.02;-6.53;255.00
1450004;214.53;-241.24;-34.53;255.00
1500004;202.47;-224.01;-22.47;255.00
1550004;191.27;603.10;-11.27;255.00
1600004;221.42;-249.86;-41.42;255.00
1650004;208.93;-224.01;-28.93;255.00
1700004;197.73;-611.71;-17.73;255.00
1750004;167.14;775.41;12.86;255.00
1800004;205.92;-301.55;-25.92;255.00
1850008;190.84;-249.86;-10.84;255.00
1900008;178.35;620.33;1.65;255.00
1950008;209.36;-258.47;-29.36;255.00
2000008;196.44;-215.39;-16.44;255.00
2050008;185.67;594.48;-5.67;255.00
2100008;215.39;-249.86;-35.39;255.00
2150008;202.90;-224.01;-22.90;255.00
2200008;191.70;-611.71;-11.70;255.00
2250008;161.11;758.18;18.89;255.00
2300008;199.02;-292.93;-19.02;255.00
2350008;184.38;-232.62;-4.38;255.00
2400008;172.74;603.10;7.26;255.00
2450012;202.90;-258.47;-22.90;255.00
2500012;189.98;-215.39;-9.98;255.00
2550012;179.21;594.48;0.79;255.00
2600012;208.93;-258.47;-28.93;255.00
2650012;196.01;-215.39;-16.01;255.00
2700012;185.24;-611.71;-5.24;255.00
2750012;154.65;758.18;25.35;255.00
2800012;192.56;-292.93;-12.56;255.00
2850012;177.91;224.01;2.09;255.00
2900012;189.11;-189.55;-9.11;255.00
2950012;179.64;189.55;0.36;255.00
3000012;189.11;-189.55;-9.11;255.00
3050012;179.64;198.16;0.36;255.00
3100012;189.55;-189.55;-9.55;255.00
3150012;180.07;198.16;-0.07;255.00
3200012;189.98;-189.55;-9.98;255.00
3250012;180.50;-198.16;-0.50;255.00
3300012;170.59;568.64;9.41;255.00
3350012;199.02;-249.86;-19.02;255.00
3400012;186.53;-224.01;-6.53;255.00
3450012;175.33;603.10;4.67;255.00
3500012;205.48;-258.47;-25.48;255.00
3550012;192.56;-206.78;-12.56;255.00
3600012;182.22;-594.48;-2.22;255.00
3650012;152.50;749.57;27.50;255.00
3700012;189.98;-292.93;-9.98;255.00
3750012;175.33;232.62;4.67;255.00
3800012;186.96;-189.55;-6.96;255.00
3850012;177.48;198.16;2.52;255.00
3900012;187.39;-189.55;-7.39;255.00
3950012;177.91;206.78;2.09;255.00
4000012;188.25;-189.55;-8.25;255.00
4050012;178.78;-206.78;1.22;255.00
4100012;168.44;568.64;11.56;255.00
4150012;196.87;-249.86;-16.87;255.00
4200012;184.38;-224.01;-4.38;255.00
4250012;173.18;603.10;6.82;255.00
4300012;203.33;-258.47;-23.33;255.00
4350012;190.41;-232.62;-10.41;255.00
4400012;178.78;-603.10;1.22;255.00
4450012;148.62;758.18;31.38;255.00
4500012;186.53;-292.93;-6.53;255.00
4550012;171.88;232.62;8.12;255.00
4600012;183.51;-198.16;-3.51;255.00
4650012;173.61;215.39;6.39;255.00
4700012;184.38;-189.55;-4.38;255.00
4750012;174.90;206.78;5.10;255.00
4800012;185.24;-189.55;-5.24;255.00
4850012;175.76;198.16;4.24;255.00
4900012;185.67;-180.93;-5.67;255.00
4950012;176.62;198.16;3.38;255.00
5000012;186.53;-189.55;-6.53;255.00
5050012;177.05;198.16;2.95;255.00
5100012;186.96;-198.16;-6.96;255.00
5150012;177.05;198.16;2.95;255.00
5200012;186.96;-198.16;-6.96;255.00
5250012;177.05;206.78;2.95;255.00
5300012;187.39;-198.16;-7.39;255.00
5350012;177.48;-198.16;2.52;49.97
5400012;167.58;396.32;12.42;255.00
5450012;187.39;-198.16;-7.39;255.00
5500012;177.48;198.16;2.52;255.00
5550012;187.39;-198.16;-7.39;255.00
5600016;177.48;206.78;2.52;255.00
5650016;187.82;-198.16;-7.82;255.00
5700016;177.91;-206.78;2.09;255.00
5750016;167.58;551.40;12.42;255.00
5800016;195.15;-249.86;-15.15;255.00
5850016;182.65;-224.01;-2.65;255.00
5900016;171.45;603.10;8.55;255.00
5950016;201.61;-249.86;-21.61;255.00
6000016;189.11;-215.39;-9.11;255.00
6050016;178.35;-603.10;1.65;255.00
6100016;148.19;758.18;31.81;255.00
6150016;186.10;-292.93;-6.10;255.00
6200016;171.45;232.62;8.55;255.00
6250016;183.08;-198.16;-3.08;255.00
6300016;173.18;224.01;6.82;255.00
6350016;184.38;-198.16;-4.38;255.00
6400016;174.47;206.78;5.53;255.00
6450016;184.81;-198.16;-4.81;255.00
6500016;174.90;198.16;5.10;255.00
6550016;184.81;-189.55;-4.81;255.00
6600016;175.33;198.16;4.67;255.00
6650016;185.24;-198.16;-5.24;255.00
6700016;175.33;206.78;4.67;255.00
6750016;185.67;-198.16;-5.67;255.00
6800016;175.76;189.55;4.24;255.00
6850016;185.24;-189.55;-5.24;255.00
6900016;175.76;215.39;4.24;255.00
6950016;186.53;-180.93;-6.53;255.00
7000016;177.48;198.16;2.52;255.00
7050016;187.39;-189.55;-7.39;255.00
7100016;177.91;-198.16;2.09;255.00
7150016;168.01;568.64;11.99;255.00
7200016;196.44;-241.24;-16.44;255.00
7250016;184.38;-215.39;-4.38;255.00
7300016;173.61;594.48;6.39;255.00
7350016;203.33;-258.47;-23.33;255.00
7400016;190.41;-206.78;-10.41;255.00
7450016;180.07;-594.48;-0.07;255.00
7500016;150.34;758.18;29.66;255.00
7550016;188.25;-301.55;-8.25;255.00
7600016;173.18;232.62;6.82;255.00
7650016;184.81;-189.55;-4.81;255.00
7700016;175.33;198.16;4.67;255.00
7750016;185.24;-189.55;-5.24;255.00
7800016;175.76;198.16;4.24;255.00
7850016;185.67;-215.39;-5.67;255.00
7900016;174.90;198.16;5.10;255.00
7950016;184.81;-180.93;-4.81;255.00
8000016;175.76;198.16;4.24;255.00
8050016;185.67;-180.93;-5.67;255.00
8100016;176.62;198.16;3.38;255.00
8150016;186.53;-189.55;-6.53;255.00
8200016;177.05;-198.16;2.95;255.00
8250016;167.14;568.64;12.86;255.00
8300016;195.58;-241.24;-15.58;255.00
8350016;183.51;-224.01;-3.51;255.00
8400016;172.31;611.71;7.69;255.00
8450020;202.90;-249.86;-22.90;255.00
8500020;190.41;-206.78;-10.41;255.00
8550024;180.07;-594.48;-0.07;255.00
8600024;150.34;758.18;29.66;255.00
8650028;188.25;-292.93;-8.25;255.00
8700028;173.61;249.86;6.39;255.00
8750028;186.10;-198.16;-6.10;255.00
8800028;176.19;215.39;3.81;255.00
8850028;186.96;-189.55;-6.96;255.00
8900028;177.48;-215.39;2.52;255.00
8950028;166.71;577.25;13.29;255.00
9000028;195.58;-249.86;-15.58;255.00
9050028;183.08;-224.01;-3.08;255.00
9100028;171.88;611.71;8.12;255.00
9150032;202.47;-249.86;-22.47;255.00
9200032;189.98;-215.39;-9.98;255.00
9250032;179.21;-603.10;0.79;255.00
9300032;149.05;758.18;30.95;255.00
9350032;186.96;-301.55;-6.96;255.00
9400032;171.88;232.62;8.12;255.00
9450032;183.51;-198.16;-3.51;255.00
9500032;173.61;215.39;6.39;255.00
9550032;184.38;-180.93;-4.38;255.00
9600032;175.33;206.78;4.67;255.00
9650032;185.67;-189.55;-5.67;255.00
9700032;176.19;198.16;3.81;255.00
9750032;186.10;-198.16;-6.10;255.00
9800032;176.19;215.39;3.81;255.00
9850032;186.96;-189.55;-6.96;255.00
9900032;177.48;-215.39;2.52;255.00
9950032;166.71;577.25;13.29;255.00
10000032;195.58;-241.24;-15.58;255.00
10050032;183.51;-215.39;-3.51;255.00
10100032;172.74;603.10;7.26;255.00
10150032;202.90;-258.47;-22.90;255.00
10200032;189.98;-215.39;-9.98;255.00
10250032;179.21;-585.87;0.79;255.00
10300032;149.91;749.57;30.09;255.00
10350032;187.39;-284.32;-7.39;255.00
10400032;173.18;241.24;6.82;255.00
10450032;185.24;-206.78;-5.24;255.00
10500032;174.90;215.39;5.10;255.00
10550032;185.67;-189.55;-5.67;255.00
10600032;176.19;-206.78;3.81;81.30
10650032;165.85;413.55;14.15;255.00
10700032;186.53;-206.78;-6.53;255.00
10750032;176.19;215.39;3.81;255.00
10800032;186.96;-180.93;-6.96;255.00
10850032;177.91;-198.16;2.09;255.00
10900032;168.01;568.64;11.99;255.00
10950032;196.44;-241.24;-16.44;255.00
11000032;184.38;-215.39;-4.38;255.00
11050032;173.61;603.10;6.39;255.00
11100032;203.76;-249.86;-23.76;255.00
11150032;191.27;-206.78;-11.27;255.00
11200032;180.93;-594.48;-0.93;255.00
11250032;151.21;758.18;28.79;255.00
11300032;189.11;-301.55;-9.11;255.00
11350032;174.04;224.01;5.96;255.00
11400032;185.24;-198.16;-5.24;255.00
11450032;175.33;215.39;4.67;255.00
11500032;186.10;-189.55;-6.10;255.00
11550036;176.62;-206.78;3.38;255.00
11600036;166.28;577.25;13.72;255.00
11650036;195.15;-241.24;-15.15;255.00
11700036;183.08;-206.78;-3.08;255.00
11750036;172.75;594.48;7.25;255.00
11800036;202.47;-258.47;-22.47;255.00
11850036;189.55;-215.39;-9.55;255.00
11900036;178.78;-594.48;1.22;255.00
11950036;149.05;758.18;30.95;255.00
12000036;186.96;-301.55;-6.96;255.00
12050036;171.88;224.01;8.12;255.00
12100036;183.08;-189.55;-3.08;255.00
12150036;173.61;198.16;6.39;255.00
12200036;183.51;-189.55;-3.51;255.00
12250036;174.04;206.78;5.96;255.00
12300036;184.38;-180.93;-4.38;255.00
12350036;175.33;198.16;4.67;255.00
12400036;185.24;-206.78;-5.24;255.00
12450036;174.90;189.55;5.10;255.00
12500036;184.38;-198.16;-4.38;255.00
12550036;174.47;189.55;5.53;255.00
12600036;183.95;-206.78;-3.95;255.00
12650036;173.61;189.55;6.39;255.00
12700036;183.08;-198.16;-3.08;255.00
12750036;173.18;198.16;6.82;255.00
12800036;183.08;-189.55;-3.08;255.00
12850036;173.61;206.78;6.39;255.00
12900036;183.95;-180.93;-3.95;255.00
12950036;174.90;189.55;5.10;255.00
13000036;184.38;-198.16;-4.38;255.00
13050036;174.47;198.16;5.53;255.00
13100040;184.38;-189.55;-4.38;255.00
13150040;174.90;198.16;5.10;255.00
13200040;184.81;-198.16;-4.81;255.00
13250040;174.90;189.55;5.10;255.00
13300040;184.38;-189.55;-4.38;255.00
13350040;174.90;189.55;5.10;255.00
13400044;184.38;-189.55;-4.38;255.00
13450044;174.90;189.55;5.10;255.00
13500044;184.38;-198.16;-4.38;255.00
13550044;174.47;189.55;5.53;255.00
13600044;183.95;-189.55;-3.95;255.00
13650044;174.47;189.55;5.53;255.00
13700044;183.95;-198.16;-3.95;255.00
13750044;174.04;198.16;5.96;255.00
13800044;183.95;-189.55;-3.95;255.00
13850044;174.47;189.55;5.53;255.00
13900044;183.95;-198.16;-3.95;255.00
13950044;174.04;189.55;5.96;255.00
14000044;183.51;-189.55;-3.51;255.00
14050044;174.04;198.16;5.96;255.00
14100044;183.95;-198.16;-3.95;255.00
14150044;174.04;189.55;5.96;255.00
14200044;183.51;-189.55;-3.51;255.00
14250044;174.04;189.55;5.96;255.00
14300044;183.51;-198.16;-3.51;255.00
14350044;173.61;198.16;6.39;255.00
14400044;183.51;-189.55;-3.51;255.00
14450044;174.04;189.55;5.96;255.00
14500044;183.51;-198.16;-3.51;255.00
14550044;173.61;198.16;6.39;255.00
14600044;183.51;-189.55;-3.51;255.00
14650044;174.04;189.55;5.96;255.00
14700044;183.51;-198.16;-3.51;255.00
14750044;173.61;198.16;6.39;255.00
14800044;183.51;-189.55;-3.51;255.00
14850044;174.04;189.55;5.96;255.00
14900044;183.51;-198.16;-3.51;255.00
14950044;173.61;215.39;6.39;255.00
15000044;184.38;-189.55;-4.38;255.00
15050044;174.90;189.55;5.10;255.00
15100044;184.38;-198.16;-4.38;255.00
15150044;174.47;198.16;5.53;255.00
15200044;184.38;-198.16;-4.38;255.00
15250044;174.47;198.16;5.53;255.00
15300044;184.38;-198.16;-4.38;255.00
15350044;174.47;189.55;5.53;255.00
15400044;183.95;-198.16;-3.95;255.00
15450044;174.04;215.39;5.96;255.00
15500044;184.81;-198.16;-4.81;255.00
15550044;174.90;206.78;5.10;255.00
15600044;185.24;-198.16;-5.24;255.00
15650044;175.33;206.78;4.67;255.00
15700044;185.67;-206.78;-5.67;255.00
15750044;175.33;198.16;4.67;255.00
15800044;185.24;-189.55;-5.24;255.00
15850044;175.76;189.55;4.24;255.00
15900044;185.24;-198.16;-5.24;255.00
15950044;175.33;206.78;4.67;255.00
16000044;185.67;-189.55;-5.67;255.00
16050044;176.19;189.55;3.81;255.00
16100044;185.67;-189.55;-5.67;255.00
16150044;176.19;198.16;3.81;255.00
16200044;186.10;-198.16;-6.10;255.00
16250044;176.19;180.93;3.81;255.00
16300044;185.24;-198.16;-5.24;255.00
16350044;175.33;198.16;4.67;255.00
16400044;185.24;-180.93;-5.24;255.00
16450044;176.19;189.55;3.81;255.00
16500044;185.67;-198.16;-5.67;255.00
16550044;175.76;206.78;4.24;255.00
16600048;186.10;-198.16;-6.10;255.00
16650048;176.19;198.16;3.81;255.00
16700048;186.10;-198.16;-6.10;255.00
16750048;176.19;198.16;3.81;255.00
16800048;186.10;-180.93;-6.10;255.00
16850048;177.05;198.16;2.95;255.00
16900048;186.96;-198.16;-6.96;255.00
16950048;177.05;206.78;2.95;255.00
17000048;187.39;-198.16;-7.39;255.00
17050048;177.48;-206.78;2.52;255.00
17100048;167.14;560.02;12.86;255.00
17150048;195.15;-249.86;-15.15;255.00
17200048;182.65;-198.16;-2.65;255.00
17250048;172.75;585.87;7.25;255.00
17300048;202.04;-249.86;-22.04;255.00
17350048;189.55;-206.78;-9.55;255.00
17400048;179.21;-603.10;0.79;255.00
17450048;149.05;749.57;30.95;255.00
17500048;186.53;-301.55;-6.53;255.00
17550048;171.45;224.01;8.55;255.00
17600048;182.65;-180.93;-2.65;255.00
17650048;173.61;198.16;6.39;255.00
17700048;183.51;-180.93;-3.51;255.00
17750048;174.47;206.78;5.53;255.00
17800048;184.81;-198.16;-4.81;255.00
17850048;174.90;189.55;5.10;255.00
17900048;184.38;-198.16;-4.38;255.00
17950048;174.47;189.55;5.53;255.00
18000048;183.95;-180.93;-3.95;255.00
18050052;174.90;206.78;5.10;255.00
18100052;185.24;-180.93;-5.24;255.00
18150052;176.19;189.55;3.81;255.00
18200052;185.67;-180.93;-5.67;255.00
18250052;176.62;198.16;3.38;255.00
18300052;186.53;-146.47;-6.53;255.00
18350052;179.21;-206.78;0.79;255.00
18400052;168.87;585.87;11.13;255.00
18450052;198.16;-249.86;-18.16;255.00
18500052;185.67;-206.78;-5.67;255.00
18550052;175.33;577.25;4.67;255.00
18600052;204.19;-241.24;-24.19;255.00
18650052;192.13;-206.78;-12.13;255.00
18700052;181.79;-594.48;-1.79;255.00
18750052;152.07;740.95;27.93;255.00
18800052;189.11;-301.55;-9.11;255.00
18850052;174.04;232.62;5.96;255.00
18900052;185.67;-189.55;-5.67;255.00
18950052;176.19;189.55;3.81;255.00
19000052;185.67;-172.31;-5.67;255.00
19050052;177.05;-180.93;2.95;255.00
19100052;168.01;568.64;11.99;255.00
19150052;196.44;-241.24;-16.44;255.00
19200052;184.38;-215.39;-4.38;255.00
19250052;173.61;603.10;6.39;255.00
19300052;203.76;-258.47;-23.76;255.00
19350052;190.84;-206.78;-10.84;255.00
19400052;180.50;-585.87;-0.50;255.00
19450052;151.21;758.18;28.79;255.00
19500052;189.11;-310.17;-9.11;255.00
19550052;173.61;224.01;6.39;255.00
19600052;184.81;-198.16;-4.81;255.00
19650052;174.90;198.16;5.10;255.00
19700052;184.81;-189.55;-4.81;255.00
19750052;175.33;206.78;4.67;255.00
19800056;185.67;-180.93;-5.67;255.00
19850056;176.62;-189.55;3.38;255.00
19900056;167.14;560.02;12.86;255.00
19950056;195.15;-249.86;-15.15;255.00
20000056;182.65;-206.78;-2.65;255.00
20050056;172.31;594.48;7.69;255.00
20100056;202.04;-249.86;-22.04;255.00
20150056;189.55;-206.78;-9.55;255.00
20200056;179.21;-603.10;0.79;255.00
20250056;149.05;758.18;30.95;255.00
20300056;186.96;-301.55;-6.96;255.00
20350056;171.88;224.01;8.12;255.00
20400056;183.08;-198.16;-3.08;255.00
20450056;173.18;198.16;6.82;255.00
20500056;183.08;-198.16;-3.08;255.00
20550056;173.18;206.78;6.82;255.00
20600056;183.51;-189.55;-3.51;255.00
20650056;174.04;198.16;5.96;255.00
20700056;183.95;-189.55;-3.95;255.00
20750056;174.47;206.78;5.53;255.00
20800056;184.81;-180.93;-4.81;255.00
20850056;175.76;189.55;4.24;255.00
20900056;185.24;-198.16;-5.24;255.00
20950056;175.33;198.16;4.67;255.00
21000056;185.24;-180.93;-5.24;255.00
21050056;176.19;215.39;3.81;255.00
21100056;186.96;-198.16;-6.96;255.00
21150056;177.05;-198.16;2.95;255.00
21200056;167.14;551.40;12.86;255.00
21250056;194.72;-241.24;-14.72;255.00
21300056;182.65;-224.01;-2.65;255.00
21350056;171.45;594.48;8.55;255.00
21400056;201.18;-258.47;-21.18;255.00
21450056;188.25;-224.01;-8.25;255.00
21500056;177.05;-594.48;2.95;255.00
21550056;147.33;758.18;32.67;255.00
21600056;185.24;-301.55;-5.24;255.00
21650056;170.16;224.01;9.84;255.00
21700060;181.36;-189.55;-1.36;255.00
21750060;171.88;206.78;8.12;255.00
21800060;182.22;-180.93;-2.22;255.00
21850060;173.18;198.16;6.82;255.00
21900060;183.08;-189.55;-3.08;255.00
21950060;173.61;198.16;6.39;255.00
22000060;183.51;-189.55;-3.51;255.00
22050060;174.04;206.78;5.96;255.00
22100060;184.38;-198.16;-4.38;255.00
22150060;174.47;198.16;5.53;255.00
22200060;184.38;-189.55;-4.38;255.00
22250060;174.90;189.55;5.10;255.00
22300060;184.38;-206.78;-4.38;255.00
22350060;174.04;180.93;5.96;255.00
22400060;183.08;-198.16;-3.08;255.00
22450060;173.18;206.78;6.82;255.00
22500060;183.51;-189.55;-3.51;255.00
22550060;174.04;206.78;5.96;255.00
22600060;184.38;-198.16;-4.38;255.00
22650060;174.47;206.78;5.53;255.00
22700060;184.81;-189.55;-4.81;255.00
22750060;175.33;206.78;4.67;255.00
22800060;185.67;-198.16;-5.67;255.00
22850060;175.76;198.16;4.24;255.00
22900060;185.67;-180.93;-5.67;255.00
22950060;176.62;198.16;3.38;255.00
23000064;186.53;-180.93;-6.53;255.00
23050064;177.48;206.78;2.52;76.53
23100064;187.82;-327.40;-7.82;255.00
23150064;171.45;465.25;8.55;255.00
23200064;194.72;-232.62;-14.72;255.00
23250064;183.08;-206.78;-3.08;255.00
23300064;172.75;585.87;7.25;255.00
23350064;202.04;-258.47;-22.04;255.00
23400064;189.11;-215.39;-9.11;255.00
23450064;178.35;-594.48;1.65;255.00
23500064;148.62;758.18;31.38;255.00
23550064;186.53;-292.93;-6.53;255.00
23600068;171.88;215.39;8.12;255.00
23650068;182.65;-198.16;-2.65;255.00
23700068;172.75;198.16;7.25;255.00
23750068;182.65;-180.93;-2.65;255.00
23800068;173.61;198.16;6.39;255.00
23850068;183.51;-180.93;-3.51;255.00
23900068;174.47;198.16;5.53;255.00
23950068;184.38;-189.55;-4.38;255.00
24000068;174.90;206.78;5.10;255.00
24050068;185.24;-189.55;-5.24;255.00
24100068;175.76;198.16;4.24;255.00
24150068;185.67;-206.78;-5.67;255.00
24200068;175.33;189.55;4.67;255.00
24250068;184.81;-180.93;-4.81;255.00
24300068;175.76;189.55;4.24;255.00
24350068;185.24;-180.93;-5.24;255.00
24400068;176.19;198.16;3.81;255.00
24450068;186.10;-198.16;-6.10;255.00
24500068;176.19;180.93;3.81;255.00
24550068;185.24;-189.55;-5.24;255.00
24600068;175.76;198.16;4.24;255.00
24650068;185.67;-198.16;-5.67;255.00
24700068;175.76;180.93;4.24;255.00
24750068;184.81;-206.78;-4.81;255.00
24800068;174.47;189.55;5.53;255.00
24850068;183.95;-189.55;-3.95;255.00
24900068;174.47;180.93;5.53;255.00
24950068;183.51;-206.78;-3.51;255.00
25000068;173.18;189.55;6.82;255.00
25050068;182.65;-189.55;-2.65;255.00
25100068;173.18;189.55;6.82;255.00
25150068;182.65;-198.16;-2.65;255.00
25200068;172.75;189.55;7.25;255.00
25250068;182.22;-189.55;-2.22;255.00
25300068;172.75;180.93;7.25;255.00
25350068;181.79;-206.78;-1.79;255.00
25400068;171.45;189.55;8.55;255.00
25450068;180.93;-189.55;-0.93;255.00
25500068;171.45;180.93;8.55;255.00
25550068;180.50;-206.78;-0.50;255.00
25600068;170.16;189.55;9.84;255.00
25650068;179.64;-189.55;0.36;255.00
25700068;170.16;180.93;9.84;255.00
25750068;179.21;198.16;0.79;255.00
25800068;189.11;-551.40;-9.11;255.00
25850068;161.54;241.24;18.46;255.00
25900068;173.61;215.39;6.39;255.00
25950068;184.38;-585.87;-4.38;255.00
26000068;155.08;258.47;24.92;255.00
26050068;168.01;215.39;11.99;255.00
26100068;178.78;585.87;1.22;255.00
26150068;208.07;-758.18;-28.07;255.00
26200072;170.16;292.93;9.84;255.00
26250072;184.81;-232.62;-4.81;255.00
26300072;173.18;198.16;6.82;255.00
26350072;183.08;-180.93;-3.08;255.00
26400072;174.04;198.16;5.96;255.00
26450072;183.95;-189.55;-3.95;255.00
26500072;174.47;189.55;5.53;255.00
26550072;183.95;-180.93;-3.95;255.00
26600072;174.90;189.55;5.10;255.00
26650072;184.38;-189.55;-4.38;255.00
26700072;174.90;198.16;5.10;255.00
26750072;184.81;-189.55;-4.81;255.00
26800072;175.33;189.55;4.67;255.00
26850072;184.81;-180.93;-4.81;255.00
26900072;175.76;189.55;4.24;255.00
26950072;185.24;-198.16;-5.24;255.00
27000072;175.33;189.55;4.67;255.00
27050072;184.81;-198.16;-4.81;255.00
27100072;174.90;189.55;5.10;255.00
27150072;184.38;-189.55;-4.38;255.00
27200072;174.90;189.55;5.10;255.00
27250072;184.38;-198.16;-4.38;255.00
27300072;174.47;180.93;5.53;255.00
27350076;183.51;-189.55;-3.51;255.00
27400076;174.04;215.39;5.96;255.00
27450076;184.81;-189.55;-4.81;255.00
27500076;175.33;206.78;4.67;255.00
27550076;185.67;-189.55;-5.67;255.00
27600076;176.19;206.78;3.81;255.00
27650076;186.53;-198.16;-6.53;255.00
27700076;176.62;215.39;3.38;255.00
27750076;187.39;-189.55;-7.39;255.00
27800076;177.91;198.16;2.09;255.00
27850076;187.82;-198.16;-7.82;255.00
27900076;177.91;198.16;2.09;255.00
27950076;187.82;-198.16;-7.82;255.00
28000076;177.91;198.16;2.09;255.00
28050076;187.82;-198.16;-7.82;255.00
28100076;177.91;206.78;2.09;255.00
28150076;188.25;-198.16;-8.25;255.00
28200076;178.35;198.16;1.65;255.00
28250076;188.25;-198.16;-8.25;255.00
28300076;178.35;206.78;1.65;255.00
28350076;188.68;-198.16;-8.68;255.00
28400076;178.78;206.78;1.22;255.00
28450076;189.11;-198.16;-9.11;255.00
28500076;179.21;-198.16;0.79;255.00
28550076;169.30;560.02;10.70;255.00
28600076;197.30;-249.86;-17.30;255.00
28650076;184.81;-198.16;-4.81;255.00
28700076;174.90;577.25;5.10;255.00
28750076;203.76;-249.86;-23.76;255.00
28800076;191.27;-206.78;-11.27;255.00
28850076;180.93;-585.87;-0.93;255.00
28900076;151.64;749.57;28.36;255.00
28950076;189.11;-310.17;-9.11;255.00
29000076;173.61;224.01;6.39;255.00
29050076;184.81;-189.55;-4.81;255.00
29100076;175.33;189.55;4.67;255.00
29150076;184.81;-180.93;-4.81;255.00
29200076;175.76;198.16;4.24;255.00
29250076;185.67;-180.93;-5.67;255.00
29300076;176.62;198.16;3.38;255.00
29350076;186.53;-189.55;-6.53;255.00
29400076;177.05;189.55;2.95;255.00
29450076;186.53;-198.16;-6.53;255.00
29500076;176.62;180.93;3.38;255.00
29550076;185.67;-189.55;-5.67;255.00
29600076;176.19;189.55;3.81;255.00
29650076;185.67;-198.16;-5.67;255.00
29700076;175.76;198.16;4.24;255.00
29750076;185.67;-189.55;-5.67;255.00
29800076;176.19;206.78;3.81;255.00
29850076;186.53;-189.55;-6.53;255.00
29900076;177.05;189.55;2.95;255.00
29950076;186.53;-198.16;-6.53;255.00
30000076;176.62;206.78;3.38;255.00
30050076;186.96;-180.93;-6.96;255.00
30100076;177.91;-206.78;2.09;255.00
30150076;167.58;560.02;12.42;255.00
30200076;195.58;-249.86;-15.58;255.00
30250076;183.08;-206.78;-3.08;255.00
30300076;172.75;585.87;7.25;255.00
30350076;202.04;-249.86;-22.04;255.00
30400076;189.55;-215.39;-9.55;255.00
30450076;178.78;-603.10;1.22;255.00
30500076;148.62;749.57;31.38;255.00
30550076;186.10;-301.55;-6.10;255.00
30600076;171.02;224.01;8.98;255.00
30650076;182.22;-189.55;-2.22;255.00
30700084;172.75;198.16;7.25;255.00
30750084;182.65;-198.16;-2.65;255.00
30800084;172.75;206.78;7.25;255.00
30850084;183.08;-180.93;-3.08;255.00
30900084;174.04;198.16;5.96;255.00
30950084;183.95;-189.55;-3.95;255.00
31000084;174.47;198.16;5.53;255.00
31050084;184.38;-189.55;-4.38;255.00
31100084;174.90;198.16;5.10;255.00
31150088;184.81;-198.16;-4.81;255.00
31200088;174.90;206.78;5.10;255.00
31250088;185.24;-189.55;-5.24;255.00
31300088;175.76;206.78;4.24;255.00
31350088;186.10;-198.16;-6.10;255.00
31400088;176.19;206.78;3.81;255.00
31450088;186.53;-198.16;-6.53;255.00
31500088;176.62;206.78;3.38;255.00
31550088;186.96;-198.16;-6.96;255.00
31600088;177.05;206.78;2.95;255.00
31650088;187.39;-189.55;-7.39;255.00
31700088;177.91;-206.78;2.09;255.00
31750088;167.58;560.02;12.42;255.00
31800088;195.58;-258.47;-15.58;255.00
31850088;182.65;-198.16;-2.65;255.00
31900088;172.75;585.87;7.25;255.00
31950088;202.04;-241.24;-22.04;255.00
32000088;189.98;-206.78;-9.98;255.00
32050088;179.64;-585.87;0.36;255.00
32100088;150.34;758.18;29.66;255.00
32150088;188.25;-301.55;-8.25;255.00
32200088;173.18;224.01;6.82;255.00
32250088;184.38;-180.93;-4.38;255.00
32300088;175.33;189.55;4.67;255.00
32350092;184.81;-180.93;-4.81;255.00
32400096;175.76;206.78;4.24;255.00
32450096;186.10;-180.93;-6.10;255.00
32500096;177.05;189.55;2.95;255.00
32550096;186.53;-189.55;-6.53;255.00
32600096;177.05;206.78;2.95;77.59
32650096;187.39;-310.17;-7.39;255.00
32700096;171.88;448.02;8.12;255.00
32750096;194.28;-206.78;-14.28;255.00
32800096;183.95;-198.16;-3.95;255.00
32850096;174.04;560.02;5.96;255.00
32900096;202.04;-232.62;-22.04;255.00
32950096;190.41;-215.39;-10.41;255.00
33000096;179.64;-585.87;0.36;255.00
33050096;150.34;758.18;29.66;255.00
33100096;188.25;-301.55;-8.25;255.00
33150096;173.18;232.62;6.82;255.00
33200096;184.81;-180.93;-4.81;255.00
33250096;175.76;206.78;4.24;255.00
33300096;186.10;-180.93;-6.10;255.00
33350096;177.05;-189.55;2.95;255.00
33400096;167.58;542.79;12.42;255.00
33450096;194.72;-232.62;-14.72;255.00
33500096;183.08;-206.78;-3.08;255.00
33550096;172.75;585.87;7.25;255.00
33600096;202.04;-249.86;-22.04;255.00
33650096;189.55;-198.16;-9.55;255.00
33700096;179.64;-585.87;0.36;255.00
33750096;150.34;740.95;29.66;255.00
33800096;187.39;-301.55;-7.39;255.00
33850096;172.31;224.01;7.69;255.00
33900096;183.51;-189.55;-3.51;255.00
33950096;174.04;189.55;5.96;255.00
34000096;183.51;-189.55;-3.51;255.00
34050096;174.04;206.78;5.96;255.00
34100096;184.38;-189.55;-4.38;255.00
34150096;174.90;198.16;5.10;255.00
34200096;184.81;-189.55;-4.81;255.00
34250096;175.33;206.78;4.67;255.00
34300096;185.67;-189.55;-5.67;255.00
34350096;176.19;189.55;3.81;255.00
34400096;185.67;-284.32;-5.67;255.00
34450096;171.45;180.93;8.55;255.00
34500096;180.50;-301.55;-0.50;255.00
34550096;165.42;189.55;14.58;255.00
34600096;174.90;206.78;5.10;255.00
34650096;185.24;-542.79;-5.24;255.00
34700096;158.10;249.86;21.90;255.00
34750096;170.59;215.39;9.41;255.00
34800096;181.36;-585.87;-1.36;255.00
34850096;152.07;249.86;27.93;255.00
34900096;164.56;206.78;15.44;255.00
34950096;174.90;577.25;5.10;255.00
35000096;203.76;-749.57;-23.76;255.00
35050096;166.28;292.93;13.72;255.00
35100096;180.93;-215.39;-0.93;255.00
35150096;170.16;189.55;9.84;255.00
35200096;179.64;180.93;0.36;255.00
35250096;188.68;-542.79;-8.68;255.00
35300096;161.54;249.86;18.46;255.00
35350096;174.04;198.16;5.96;255.00
35400096;183.95;-577.25;-3.95;255.00
35450096;155.08;249.86;24.92;255.00
35500096;167.58;198.16;12.42;255.00
35550096;177.48;568.64;2.52;255.00
35600096;205.92;-740.95;-25.92;255.00
35650096;168.87;292.93;11.13;255.00
35700096;183.51;-215.39;-3.51;255.00
35750096;172.75;189.55;7.25;255.00
35800096;182.22;-198.16;-2.22;255.00
35850096;172.31;189.55;7.69;255.00
35900096;181.79;-198.16;-1.79;127.54
35950096;171.88;215.39;8.12;255.00
36000096;182.65;-361.86;-2.65;255.00
36050096;164.56;206.78;15.44;255.00
36100096;174.90;189.55;5.10;255.00
36150096;184.38;-560.02;-4.38;255.00
36200096;156.38;241.24;23.62;255.00
36250096;168.44;198.16;11.56;255.00
36300096;178.35;577.25;1.65;255.00
36350096;207.21;-749.57;-27.21;255.00
36400096;169.73;292.93;10.27;255.00
36450096;184.38;-206.78;-4.38;255.00
36500096;174.04;206.78;5.96;255.00
36550096;184.38;-180.93;-4.38;255.00
36600096;175.33;189.55;4.67;255.00
36650096;184.81;-189.55;-4.81;255.00
36700096;175.33;180.93;4.67;255.00
36750096;184.38;-206.78;-4.38;255.00
36800096;174.04;180.93;5.96;255.00
36850096;183.08;198.16;-3.08;255.00
36900096;192.99;-551.40;-12.99;255.00
36950096;165.42;249.86;14.58;255.00
37000096;177.91;206.78;2.09;255.00
37050096;188.25;-585.87;-8.25;255.00
37100096;158.96;249.86;21.04;255.00
37150096;171.45;198.16;8.55;255.00
37200096;181.36;568.64;-1.36;255.00
37250096;209.79;-740.95;-29.79;255.00
37300096;172.75;292.93;7.25;255.00
37350096;187.39;-241.24;-7.39;255.00
37400096;175.33;198.16;4.67;255.00
37450096;185.24;-172.31;-5.24;255.00
37500096;176.62;189.55;3.38;255.00
37550096;186.10;-189.55;-6.10;255.00
37600096;176.62;189.55;3.38;255.00
37650096;186.10;-189.55;-6.10;255.00
37700096;176.62;198.16;3.38;255.00
37750100;186.53;-189.55;-6.53;255.00
37800100;177.05;206.78;2.95;255.00
37850100;187.39;-198.16;-7.39;255.00
37900100;177.48;206.78;2.52;255.00
37950100;187.82;-189.55;-7.82;255.00
38000100;178.35;198.16;1.65;255.00
38050100;188.25;-198.16;-8.25;255.00
38100100;178.35;198.16;1.65;255.00
38150100;188.25;-198.16;-8.25;255.00
38200100;178.35;206.78;1.65;255.00
38250100;188.68;-189.55;-8.68;255.00
38300100;179.21;198.16;0.79;255.00
38350100;189.12;-198.16;-9.12;255.00
38400100;179.21;198.16;0.79;255.00
38450100;189.12;-189.55;-9.12;255.00
38500100;179.64;206.78;0.36;255.00
38550100;189.98;-198.16;-9.98;255.00
38600104;180.07;198.16;-0.07;255.00
38650104;189.98;-198.16;-9.98;255.00
38700104;180.07;206.78;-0.07;255.00
38750104;190.41;-180.93;-10.41;255.00
38800104;181.36;-198.16;-1.36;255.00
38850104;171.45;551.40;8.55;255.00
38900104;199.02;-258.47;-19.02;255.00
38950104;186.10;-206.78;-6.10;255.00
39000104;175.76;585.87;4.24;255.00
39050104;205.05;-249.86;-25.05;255.00
39100104;192.56;-206.78;-12.56;255.00
39150104;182.22;-594.48;-2.22;255.00
39200104;152.50;758.18;27.50;255.00
39250104;190.41;-310.17;-10.41;255.00
39300112;174.90;215.39;5.10;255.00
39350112;185.67;-189.55;-5.67;255.00
39400112;176.19;198.16;3.81;255.00
39450112;186.10;-155.08;-6.10;255.00
39500112;178.35;189.55;1.65;255.00
39550112;187.82;-163.70;-7.82;255.00
39600112;179.64;-180.93;0.36;255.00
39650112;170.59;560.02;9.41;255.00
39700112;198.59;-258.47;-18.59;255.00
39750112;185.67;-198.16;-5.67;255.00
39800112;175.76;577.25;4.24;255.00
39850112;204.62;-249.86;-24.62;255.00
39900112;192.13;-198.16;-12.13;255.00
39950112;182.22;-534.17;-2.22;255.00
40000112;155.51;689.26;24.49;255.00
40050112;189.98;-275.70;-9.98;255.00
40100112;176.19;215.39;3.81;255.00
40150112;186.96;-189.55;-6.96;255.00
40200112;177.48;-163.70;2.52;255.00
40250112;169.30;482.48;10.70;255.00
40300112;193.42;-206.78;-13.42;255.00
40350112;183.08;-180.93;-3.08;255.00
40400112;174.04;534.17;5.96;255.00
40450112;200.75;-232.62;-20.75;255.00
40500112;189.12;-206.78;-9.12;255.00
40550112;178.78;-577.25;1.22;255.00
40600112;149.91;749.57;30.09;255.00
40650112;187.39;-318.78;-7.39;255.00
40700112;171.45;241.24;8.55;255.00
40750112;183.51;-172.31;-3.51;255.00
40800112;174.90;180.93;5.10;255.00
40850112;183.95;-146.47;-3.95;255.00
40900112;176.62;180.93;3.38;255.00
40950112;185.67;-189.55;-5.67;255.00
41000112;176.19;198.16;3.81;255.00
41050120;186.10;-189.55;-6.10;255.00
41100120;176.62;198.16;3.38;255.00
41150120;186.53;-163.70;-6.53;255.00
41200120;178.35;-198.16;1.65;255.00
41250120;168.44;560.02;11.56;255.00
41300120;196.44;-249.86;-16.44;255.00
41350120;183.95;-215.39;-3.95;255.00
41400120;173.18;568.64;6.82;255.00
41450120;201.61;-249.86;-21.61;255.00
41500120;189.12;-224.01;-9.12;255.00
41550120;177.91;-551.40;2.09;255.00
41600120;150.34;706.49;29.66;255.00
41650120;185.67;-301.55;-5.67;255.00
41700120;170.59;215.39;9.41;255.00
41750120;181.36;-180.93;-1.36;255.00
41800120;172.31;198.16;7.69;255.00
41850120;182.22;-189.55;-2.22;255.00
41900120;172.75;180.93;7.25;255.00
41950120;181.79;-189.55;-1.79;255.00
42000120;172.31;198.16;7.69;255.00
42050120;182.22;-163.70;-2.22;255.00
42100120;174.04;189.55;5.96;255.00
42150120;183.51;-172.31;-3.51;255.00
42200120;174.90;189.55;5.10;255.00
42250120;184.38;-198.16;-4.38;255.00
42300120;174.47;224.01;5.53;255.00
42350120;185.67;-180.93;-5.67;255.00
42400120;176.62;198.16;3.38;255.00
42450120;186.53;-180.93;-6.53;255.00
42500120;177.48;-189.55;2.52;255.00
42550120;168.01;542.79;11.99;255.00
42600120;195.15;-232.62;-15.15;255.00
42650120;183.51;-198.16;-3.51;255.00
42700120;173.61;585.87;6.39;255.00
42750120;202.90;-249.86;-22.90;255.00
42800120;190.41;-198.16;-10.41;255.00
42850120;180.50;-577.25;-0.50;255.00
42900120;151.64;740.95;28.36;255.00
42950120;188.68;-292.93;-8.68;255.00
43000120;174.04;224.01;5.96;255.00
43050120;185.24;-180.93;-5.24;255.00
43100120;176.19;189.55;3.81;255.00
43150120;185.67;-180.93;-5.67;255.00
43200120;176.62;172.31;3.38;255.00
43250120;185.24;-189.55;-5.24;255.00
43300120;175.76;189.55;4.24;255.00
43350120;185.24;-180.93;-5.24;255.00
43400124;176.19;198.16;3.81;255.00
43450124;186.10;-180.93;-6.10;255.00
43500124;177.05;-172.31;2.95;255.00
43550124;168.44;551.40;11.56;255.00
43600124;196.01;-232.62;-16.01;255.00
43650124;184.38;-198.16;-4.38;255.00
43700124;174.47;568.64;5.53;255.00
43750124;202.90;-241.24;-22.90;255.00