t;teta(t);wr(t);erreur;pwm
0;0.00;0.00;180.00;0.00
50000;0.00;0.00;180.00;255.00
100000;0.00;112.00;180.00;255.00
150000;5.60;241.24;174.40;255.00
200000;17.66;318.78;162.34;255.00
250000;33.60;284.32;146.40;255.00
300000;47.82;301.55;132.18;255.00
350000;62.89;318.78;117.11;255.00
400000;78.83;353.24;101.17;255.00
450000;96.50;361.86;83.50;255.00
500000;114.59;327.40;65.41;255.00
550000;130.96;353.24;49.04;255.00
600000;148.62;318.78;31.38;255.00
650000;164.56;336.01;15.44;255.00
700000;181.36;344.63;-1.36;255.00
750000;198.59;379.09;-18.59;255.00
800000;217.55;387.71;-37.55;255.00
850000;236.93;-396.32;-56.93;255.00
900000;217.12;112.00;-37.12;255.00
950000;222.72;94.77;-42.72;255.00
1000000;227.45;-241.24;-47.45;255.00
1050000;215.39;94.77;-35.39;255.00
1100000;220.13;103.39;-40.13;255.00
1150000;225.30;-258.47;-45.30;255.00
1200000;212.38;94.77;-32.38;255.00
1250000;217.12;103.39;-37.12;255.00
1300000;222.29;-267.09;-42.29;255.00
1350000;208.93;137.85;-28.93;255.00
1400000;215.82;-103.39;-35.82;255.00
1450000;210.65;94.77;-30.65;255.00
1500000;215.39;-86.16;-35.39;255.00
1550000;211.08;-68.93;-31.08;255.00
1600000;207.64;189.55;-27.64;255.00
1650000;217.12;-103.39;-37.12;255.00
1700000;211.95;-112.00;-31.95;255.00
1750000;206.35;-241.24;-26.35;255.00
1800000;194.28;344.63;-14.28;255.00
1850000;211.52;-129.24;-31.52;255.00
1900000;205.05;-120.62;-25.05;255.00
1950000;199.02;267.09;-19.02;255.00
2000000;212.38;-77.54;-32.38;255.00
2050000;208.50;-68.93;-28.50;255.00
2100000;205.05;-284.32;-25.05;255.00
2150000;190.84;310.17;-10.84;255.00
2200000;206.35;-112.00;-26.35;255.00
2250000;200.75;-137.85;-20.75;255.00
2300000;193.85;267.09;-13.85;255.00
2350000;207.21;-68.93;-27.21;255.00
2400000;203.76;-60.31;-23.76;255.00
2450000;200.75;-284.32;-20.75;255.00
2500000;186.53;310.17;-6.53;255.00
2550000;202.04;-112.00;-22.04;255.00
2600000;196.44;-112.00;-16.44;255.00
2650000;190.84;310.17;-10.84;255.00
2700000;206.35;-60.31;-26.35;255.00
2750000;203.33;-112.00;-23.33;255.00
2800000;197.73;-241.24;-17.73;255.00
2850000;185.67;327.40;-5.67;255.00
2900000;202.04;-86.16;-22.04;255.00
2950000;197.73;-120.62;-17.73;255.00
3000000;191.70;-301.55;-11.70;255.00
3050000;176.62;292.93;3.38;255.00
3100000;191.27;-86.16;-11.27;255.00
3150000;186.96;-129.24;-6.96;255.00
3200008;180.50;241.24;-0.50;255.00
3250008;192.56;-103.39;-12.56;255.00
3300008;187.39;-103.39;-7.39;255.00
3350008;182.22;292.93;-2.22;255.00
3400008;196.87;-120.62;-16.87;255.00
3450008;190.84;-120.62;-10.84;255.00
3500008;184.81;-292.93;-4.81;255.00
3550008;170.16;310.17;9.84;255.00
3600008;185.67;-86.16;-5.67;255.00
3650008;181.36;120.62;-1.36;255.00
3700008;187.39;-51.69;-7.39;255.00
3750008;184.81;-103.39;-4.81;255.00
3800008;179.64;258.47;0.36;255.00
3850008;192.56;-120.62;-12.56;255.00
3900008;186.53;-77.54;-6.53;255.00
3950008;182.65;301.55;-2.65;255.00
4000008;197.73;-86.16;-17.73;255.00
4050008;193.42;-120.62;-13.42;255.00
4100008;187.39;-241.24;-7.39;255.00
4150008;175.33;318.78;4.67;255.00
4200008;191.27;-68.93;-11.27;255.00
4250008;187.82;-120.62;-7.82;255.00
4300012;181.79;-258.47;-1.79;255.00
4350012;168.87;327.40;11.13;255.00
4400012;185.24;-120.62;-5.24;255.00
4450012;179.21;120.62;0.79;255.00
4500012;185.24;-25.85;-5.24;255.00
4550012;183.95;-94.77;-3.95;255.00
4600012;179.21;267.09;0.79;255.00
4650012;192.56;-103.39;-12.56;255.00
4700012;187.39;-120.62;-7.39;255.00
4750012;181.36;-241.24;-1.36;255.00
4800012;169.30;361.86;10.70;255.00
4850012;187.39;-120.62;-7.39;255.00
4900012;181.36;-103.39;-1.36;255.00
4950012;176.19;310.17;3.81;255.00
5000012;191.70;-103.39;-11.70;255.00
5050012;186.53;-120.62;-6.53;255.00
5100012;180.50;-258.47;-0.50;255.00
5150012;167.58;318.78;12.42;255.00
5200012;183.51;-129.24;-3.51;255.00
5250012;177.05;112.00;2.95;255.00
5300012;182.65;-43.08;-2.65;255.00
5350012;180.50;-77.54;-0.50;255.00
5400012;176.62;292.93;3.38;255.00
5450012;191.27;-77.54;-11.27;255.00
5500012;187.39;-120.62;-7.39;255.00
5550016;181.36;-241.24;-1.36;255.00
5600016;169.30;344.63;10.70;255.00
5650016;186.53;-103.39;-6.53;255.00
5700016;181.36;-137.85;-1.36;255.00
5750016;174.47;275.70;5.53;255.00
5800016;188.25;-68.93;-8.25;255.00
5850016;184.81;-77.54;-4.81;255.00
5900016;180.93;-275.70;-0.93;255.00
5950016;167.14;327.40;12.86;255.00
6000016;183.51;-94.77;-3.51;255.00
6050016;178.78;120.62;1.22;255.00
6100016;184.81;-146.47;-4.81;255.00
6150016;177.48;120.62;2.52;255.00
6200016;183.51;-60.31;-3.51;255.00
6250016;180.50;-103.39;-0.50;255.00
6300016;175.33;258.47;4.67;255.00
6350016;188.25;-120.62;-8.25;255.00
6400016;182.22;-137.85;-2.22;255.00
6450016;175.33;258.47;4.67;255.00
6500016;188.25;-86.16;-8.25;255.00
6550016;183.95;-77.54;-3.95;255.00
6600016;180.07;-267.09;-0.07;255.00
6650016;166.71;292.93;13.29;255.00
6700016;181.36;-60.31;-1.36;255.00
6750016;178.35;112.00;1.65;255.00
6800016;183.95;-34.46;-3.95;255.00
6850016;182.22;-86.16;-2.22;255.00
6900016;177.91;275.70;2.09;255.00
6950016;191.70;-34.46;-11.70;255.00
7000016;189.98;-112.00;-9.98;255.00
7050016;184.38;-241.24;-4.38;255.00
7100016;172.31;327.40;7.69;255.00
7150016;188.68;-77.54;-8.68;255.00
7200016;184.81;-120.62;-4.81;255.00
7250016;178.78;-301.55;1.22;255.00
7300016;163.70;292.93;16.30;255.00
7350016;178.35;112.00;1.65;255.00
7400016;183.95;-172.31;-3.95;255.00
7450016;175.33;155.08;4.67;255.00
7500016;183.08;-25.85;-3.08;255.00
7550016;181.79;-86.16;-1.79;255.00
7600016;177.48;267.09;2.52;255.00
7650016;190.84;-68.93;-10.84;255.00
7700016;187.39;-86.16;-7.39;255.00
7750016;183.08;-241.24;-3.08;255.00
7800016;171.02;292.93;8.98;255.00
7850016;185.67;-120.62;-5.67;255.00
7900016;179.64;-94.77;0.36;255.00
7950016;174.90;284.32;5.10;255.00
8000016;189.11;-86.16;-9.11;255.00
8050016;184.81;-120.62;-4.81;255.00
8100016;178.78;-241.24;1.22;255.00
8150024;166.71;353.24;13.29;255.00
8200024;184.38;-129.24;-4.38;255.00
8250024;177.91;103.39;2.09;190.92
8300024;183.08;-25.85;-3.08;255.00
8350024;181.79;-155.08;-1.79;255.00
8400024;174.04;292.93;5.96;255.00
8450024;188.68;-94.77;-8.68;255.00
8500024;183.95;-120.62;-3.95;255.00
8550024;177.91;-241.24;2.09;255.00
8600024;165.85;336.01;14.15;255.00
8650024;182.65;-120.62;-2.65;255.00
8700024;176.62;129.24;3.38;255.00
8750024;183.08;-34.46;-3.08;255.00
8800024;181.36;-77.54;-1.36;255.00
8850024;177.48;258.47;2.52;255.00
8900024;190.41;-25.85;-10.41;255.00
8950024;189.11;-94.77;-9.11;255.00
9000024;184.38;-258.47;-4.38;255.00
9050024;171.45;292.93;8.55;255.00
9100024;186.10;-77.54;-6.10;255.00
9150024;182.22;-120.62;-2.22;255.00
9200024;176.19;258.47;3.81;255.00
9250024;189.11;-86.16;-9.11;255.00
9300024;184.81;-103.39;-4.81;255.00
9350024;179.64;-258.47;0.36;255.00
9400024;166.71;370.48;13.29;255.00
9450024;185.24;-129.24;-5.24;255.00
9500024;178.78;-103.39;1.22;255.00
9550024;173.61;310.17;6.39;255.00
9600024;189.11;-120.62;-9.11;255.00
9650024;183.08;-103.39;-3.08;255.00
9700024;177.91;-292.93;2.09;255.00
9750024;163.27;275.70;16.73;255.00
9800024;177.05;120.62;2.95;255.00
9850024;183.08;-180.93;-3.08;255.00
9900024;174.04;34.46;5.96;255.00
9950024;175.76;120.62;4.24;255.00
10000024;181.79;-215.39;-1.79;255.00
10050024;171.02;25.85;8.98;255.00
10100024;172.31;120.62;7.69;255.00
10150024;178.35;232.62;1.65;255.00
10200024;189.98;-267.09;-9.98;255.00
10250024;176.62;68.93;3.38;255.00
10300024;180.07;-77.54;-0.07;255.00
10350024;176.19;155.08;3.81;255.00
10400024;183.95;-112.00;-3.95;255.00
10450024;178.35;77.54;1.65;255.00
10500024;182.22;-103.39;-2.22;255.00
10550024;177.05;86.16;2.95;255.00
10600024;181.36;-103.39;-1.36;255.00
10650024;176.19;103.39;3.81;255.00
10700024;181.36;-103.39;-1.36;255.00
10750024;176.19;103.39;3.81;255.00
10800024;181.36;-86.16;-1.36;255.00
10850024;177.05;103.39;2.95;255.00
10900024;182.22;-86.16;-2.22;255.00
10950024;177.91;103.39;2.09;255.00
11000024;183.08;-86.16;-3.08;255.00
11050024;178.78;-103.39;1.22;255.00
11100024;173.61;224.01;6.39;255.00
11150024;184.81;-25.85;-4.81;255.00
11200024;183.51;-43.08;-3.51;255.00
11250024;181.36;-258.47;-1.36;255.00
11300024;168.44;284.32;11.56;255.00
11350024;182.65;-120.62;-2.65;255.00
11400024;176.62;86.16;3.38;255.00
11450024;180.93;-112.00;-0.93;255.00
11500024;175.33;120.62;4.67;255.00
11550024;181.36;-68.93;-1.36;255.00
11600024;177.91;68.93;2.09;255.00
11650024;181.36;-129.24;-1.36;255.00
11700024;174.90;77.54;5.10;255.00
11750024;178.78;146.47;1.22;255.00
11800024;186.10;-180.93;-6.10;255.00
11850024;177.05;94.77;2.95;255.00
11900024;181.79;-120.62;-1.79;255.00
11950024;175.76;60.31;4.24;255.00
12000024;178.78;120.62;1.22;255.00
12050024;184.81;-215.39;-4.81;255.00
12100024;174.04;34.46;5.96;255.00
12150024;175.76;94.77;4.24;255.00
12200024;180.50;-215.39;-0.50;255.00
12250024;169.73;155.08;10.27;255.00
12300024;177.48;112.00;2.52;255.00
12350024;183.08;-258.47;-3.08;255.00
12400024;170.16;146.47;9.84;255.00
12450024;177.48;120.62;2.52;255.00
12500024;183.51;-224.01;-3.51;255.00
12550024;172.31;137.85;7.69;255.00
12600028;179.21;112.00;0.79;255.00
12650028;184.81;-232.62;-4.81;255.00
12700028;173.18;60.31;6.82;255.00
12750028;176.19;51.69;3.81;255.00
12800028;178.78;215.39;1.22;255.00
12850028;189.55;-292.93;-9.55;255.00
12900028;174.90;120.62;5.10;255.00
12950028;180.93;-112.00;-0.93;255.00
13000028;175.33;17.23;4.67;255.00
13050028;176.19;103.39;3.81;255.00
13100028;181.36;-232.62;-1.36;255.00
13150028;169.73;103.39;10.27;255.00
13200028;174.90;94.77;5.10;255.00
13250028;179.64;224.01;0.36;255.00
13300028;190.84;-301.55;-10.84;255.00
13350028;175.76;120.62;4.24;255.00
13400028;181.79;-112.00;-1.79;255.00
13450028;176.19;43.08;3.81;255.00
13500028;178.35;68.93;1.65;255.00
13550028;181.79;-267.09;-1.79;255.00
13600028;168.44;51.69;11.56;255.00
13650028;171.02;77.54;8.98;255.00
13700028;174.90;249.86;5.10;255.00
13750028;187.39;-258.47;-7.39;255.00
13800028;174.47;137.85;5.53;255.00
13850028;181.36;112.00;-1.36;255.00
13900028;186.96;-224.01;-6.96;255.00
13950028;175.76;129.24;4.24;255.00
14000028;182.22;-112.00;-2.22;255.00
14050028;176.62;51.69;3.38;255.00
14100028;179.21;86.16;0.79;255.00
14150028;183.51;-224.01;-3.51;255.00
14200028;172.31;163.70;7.69;255.00
14250028;180.50;120.62;-0.50;255.00
14300028;186.53;-241.24;-6.53;255.00
14350028;174.47;146.47;5.53;255.00
14400028;181.79;112.00;-1.79;255.00
14450028;187.39;-224.01;-7.39;255.00
14500028;176.19;120.62;3.81;255.00
14550028;182.22;-103.39;-2.22;255.00
14600028;177.05;34.46;2.95;255.00
14650028;178.78;77.54;1.22;255.00
14700028;182.65;-206.78;-2.65;255.00
14750028;172.31;172.31;7.69;255.00
14800028;180.93;120.62;-0.93;255.00
14850028;186.96;-232.62;-6.96;255.00
14900028;175.33;146.47;4.67;255.00
14950028;182.65;-112.00;-2.65;255.00
15000028;177.05;34.46;2.95;255.00
15050028;178.78;112.00;1.22;255.00
15100028;184.38;-215.39;-4.38;255.00
15150028;173.61;155.08;6.39;255.00
15200028;181.36;112.00;-1.36;255.00
15250028;186.96;-232.62;-6.96;255.00
15300028;175.33;51.69;4.67;255.00
15350028;177.91;60.31;2.09;255.00
15400028;180.93;215.39;-0.93;255.00
15450028;191.70;-241.24;-11.70;255.00
15500028;179.64;103.39;0.36;255.00
15550028;184.81;-112.00;-4.81;255.00
15600028;179.21;94.77;0.79;255.00
15650028;183.95;-60.31;-3.95;255.00
15700028;180.93;137.85;-0.93;255.00
15750028;187.82;-34.46;-7.82;255.00
15800028;186.10;-120.62;-6.10;255.00
15850028;180.07;241.24;-0.07;255.00
15900028;192.13;-137.85;-12.13;255.00
15950028;185.24;-120.62;-5.24;255.00
16000028;179.21;241.24;0.79;255.00
16050028;191.27;-155.08;-11.27;255.00
16100028;183.51;-129.24;-3.51;255.00
16150028;177.05;241.24;2.95;255.00
16200028;189.11;-86.16;-9.11;255.00
16250028;184.81;-94.77;-4.81;255.00
16300028;180.07;-232.62;-0.07;255.00
16350028;168.44;258.47;11.56;255.00
16400028;181.36;-129.24;-1.36;255.00
16450028;174.90;94.77;5.10;255.00
16500028;179.64;137.85;0.36;255.00
16550028;186.53;-146.47;-6.53;255.00
16600032;179.21;155.08;0.79;255.00
16650032;186.96;-17.23;-6.96;255.00
16700032;186.10;-86.16;-6.10;255.00
16750032;181.79;-241.24;-1.79;255.00
16800032;169.73;327.40;10.27;255.00
16850032;186.10;-112.00;-6.10;255.00
16900032;180.50;-137.85;-0.50;255.00
16950032;173.61;241.24;6.39;255.00
17000032;185.67;-146.47;-5.67;255.00
17050032;178.35;120.62;1.65;255.00
17100032;184.38;-77.54;-4.38;255.00
17150032;180.50;-68.93;-0.50;255.00
17200032;177.05;258.47;2.95;255.00
17250032;189.98;-17.23;-9.98;255.00
17300032;189.11;-86.16;-9.11;255.00
17350032;184.81;-275.70;-4.81;255.00
17400036;171.02;301.55;8.98;255.00
17450036;186.10;-77.54;-6.10;255.00
17500036;182.22;-120.62;-2.22;255.00
17550036;176.19;258.47;3.81;255.00
17600036;189.11;-68.93;-9.11;255.00
17650036;185.67;-86.16;-5.67;255.00
17700036;181.36;-275.70;-1.36;255.00
17750036;167.58;275.70;12.42;255.00
17800036;181.36;-68.93;-1.36;255.00
17850036;177.91;86.16;2.09;255.00
17900036;182.22;-43.08;-2.22;255.00
17950036;180.07;-103.39;-0.07;255.00
18000036;174.90;292.93;5.10;255.00
18050036;189.55;-94.77;-9.55;255.00
18100036;184.81;-120.62;-4.81;255.00
18150036;178.78;-241.24;1.22;255.00
18200036;166.71;310.17;13.29;255.00
18250036;182.22;-43.08;-2.22;255.00
18300036;180.07;-120.62;-0.07;255.00
18350036;174.04;241.24;5.96;255.00
18400036;186.10;-120.62;-6.10;255.00
18450036;180.07;-103.39;-0.07;255.00
18500036;174.90;292.93;5.10;255.00
18550036;189.55;-103.39;-9.55;255.00
18600036;184.38;-129.24;-4.38;255.00
18650036;177.91;275.70;2.09;255.00
18700036;191.70;-86.16;-11.70;255.00
18750036;187.39;-103.39;-7.39;255.00
18800036;182.22;-292.93;-2.22;255.00
18850036;167.58;310.17;12.42;255.00
18900036;183.08;-103.39;-3.08;255.00
18950036;177.91;-103.39;2.09;224.99
19000036;172.74;232.62;7.26;255.00
19050036;184.38;-120.62;-4.38;255.00
19100036;178.35;-103.39;1.65;255.00
19150044;173.18;310.17;6.82;255.00
19200044;188.68;-94.77;-8.68;255.00
19250044;183.95;-120.62;-3.95;255.00
19300044;177.91;-258.47;2.09;92.05
19350044;164.99;318.78;15.01;255.00
19400044;180.93;-43.08;-0.93;255.00
19450044;178.78;-112.00;1.22;255.00
19500044;173.18;258.47;6.82;255.00
19550044;186.10;-137.85;-6.10;255.00
19600044;179.21;-137.85;0.79;255.00
19650044;172.31;275.70;7.69;255.00
19700044;186.10;-77.54;-6.10;255.00
19750044;182.22;-94.77;-2.22;255.00
19800044;177.48;267.09;2.52;255.00
19850044;190.84;-120.62;-10.84;255.00
19900044;184.81;-146.47;-4.81;255.00
19950044;177.48;275.70;2.52;255.00
20000044;191.27;-68.93;-11.27;255.00
20050044;187.82;-103.39;-7.82;255.00
20100044;182.65;-267.09;-2.65;255.00
20150044;169.30;344.63;10.70;255.00
20200044;186.53;-103.39;-6.53;255.00
20250044;181.36;-137.85;-1.36;255.00
20300044;174.47;292.93;5.53;255.00
20350044;189.11;-68.93;-9.11;255.00
20400044;185.67;-120.62;-5.67;255.00
20450044;179.64;-258.47;0.36;255.00
20500044;166.71;318.78;13.29;255.00
20550044;182.65;-112.00;-2.65;255.00
20600044;177.05;137.85;2.95;255.00
20650044;183.95;-8.62;-3.95;255.00
20700044;183.51;-120.62;-3.51;255.00
20750044;177.48;-241.24;2.52;255.00
20800044;165.42;327.40;14.58;255.00
20850044;181.79;-94.77;-1.79;255.00
20900044;177.05;137.85;2.95;255.00
20950044;183.95;-155.08;-3.95;255.00
21000048;176.19;146.47;3.81;255.00
21050048;183.51;-112.00;-3.51;255.00
21100048;177.91;-94.77;2.09;1.12
21150048;173.18;129.24;6.82;255.00
21200048;179.64;-94.77;0.36;255.00
21250056;174.90;94.77;5.10;255.00
21300056;179.64;-103.39;0.36;255.00
21350056;174.47;120.62;5.53;255.00
21400056;180.50;-86.16;-0.50;255.00
21450056;176.19;146.47;3.81;255.00
21500056;183.51;-43.08;-3.51;255.00
21550056;181.36;-112.00;-1.36;255.00
21600056;175.76;241.24;4.24;255.00
21650056;187.82;-146.47;-7.82;255.00
21700056;180.50;-112.00;-0.50;255.00
21750056;174.90;241.24;5.10;255.00
21800056;186.96;-112.00;-6.96;255.00
21850056;181.36;-120.62;-1.36;255.00
21900056;175.33;241.24;4.67;255.00
21950056;187.39;-137.85;-7.39;255.00
22000056;180.50;-94.77;-0.50;255.00
22050056;175.76;292.93;4.24;255.00
22100056;190.41;-51.69;-10.41;255.00
22150056;187.82;-112.00;-7.82;255.00
22200056;182.22;-241.24;-2.22;255.00
22250056;170.16;318.78;9.84;255.00
22300056;186.10;-68.93;-6.10;255.00
22350056;182.65;-120.62;-2.65;255.00
22400056;176.62;275.70;3.38;255.00
22450056;190.41;-68.93;-10.41;255.00
22500056;186.96;-77.54;-6.96;255.00
22550056;183.08;-275.70;-3.08;255.00
22600056;169.30;327.40;10.70;255.00
22650056;185.67;-86.16;-5.67;255.00
22700056;181.36;-120.62;-1.36;255.00
22750056;175.33;275.70;4.67;255.00
22800056;189.11;-77.54;-9.11;255.00
22850056;185.24;-94.77;-5.24;255.00
22900056;180.50;-267.09;-0.50;255.00
22950056;167.14;327.40;12.86;255.00
23000056;183.51;-77.54;-3.51;255.00
23050056;179.64;-120.62;0.36;255.00
23100056;173.61;327.40;6.39;255.00
23150056;189.98;-77.54;-9.98;255.00
23200056;186.10;-120.62;-6.10;255.00
23250056;180.07;-310.17;-0.07;255.00
23300056;164.56;292.93;15.44;255.00
23350056;179.21;-120.62;0.79;255.00
23400056;173.18;129.24;6.82;255.00
23450056;179.64;-25.85;0.36;255.00
23500056;178.35;-129.24;1.65;255.00
23550056;171.88;241.24;8.12;255.00
23600056;183.95;-137.85;-3.95;255.00
23650056;177.05;94.77;2.95;255.00
23700056;181.79;-137.85;-1.79;255.00
23750056;174.90;129.24;5.10;255.00
23800056;181.36;-60.31;-1.36;255.00
23850056;178.35;-68.93;1.65;255.00
23900056;174.90;232.62;5.10;255.00
23950056;186.53;-94.77;-6.53;255.00
24000056;181.79;-103.39;-1.79;255.00
24050056;176.62;249.86;3.38;255.00
24100056;189.11;-103.39;-9.11;255.00
24150056;183.95;-94.77;-3.95;255.00
24200056;179.21;-275.70;0.79;255.00
24250056;165.42;284.32;14.58;255.00
24300056;179.64;-103.39;0.36;255.00
24350056;174.47;112.00;5.53;255.00
24400056;180.07;-8.62;-0.07;255.00
24450056;179.64;-77.54;0.36;255.00
24500056;175.76;275.70;4.24;255.00
24550056;189.55;-112.00;-9.55;255.00
24600056;183.95;-120.62;-3.95;255.00
24650056;177.91;241.24;2.09;255.00
24700056;189.98;-137.85;-9.98;255.00
24750056;183.08;-103.39;-3.08;255.00
24800056;177.91;-284.32;2.09;255.00
24850056;163.70;292.93;16.30;255.00
24900056;178.35;120.62;1.65;37.12
24950056;184.38;-43.08;-4.38;255.00
25000056;182.22;-180.93;-2.22;255.00
25050056;173.18;241.24;6.82;255.00
25100056;185.24;-137.85;-5.24;255.00
25150056;178.35;-112.00;1.65;255.00
25200056;172.75;292.93;7.25;255.00
25250056;187.39;-34.46;-7.39;255.00
25300060;185.67;-120.62;-5.67;255.00
25350060;179.64;-241.24;0.36;255.00
25400060;167.58;353.24;12.42;255.00
25450060;185.24;-112.00;-5.24;255.00
25500060;179.64;-112.00;0.36;255.00
25550060;174.04;292.93;5.96;255.00
25600060;188.68;-43.08;-8.68;255.00
25650060;186.53;-112.00;-6.53;255.00
25700060;180.93;-241.24;-0.93;255.00
25750060;168.87;361.86;11.13;255.00
25800060;186.96;-120.62;-6.96;255.00
25850060;180.93;-129.24;-0.93;255.00
25900064;174.47;275.70;5.53;255.00
25950064;188.25;-129.24;-8.25;255.00
26000064;181.79;-112.00;-1.79;255.00
26050064;176.19;310.17;3.81;255.00
26100064;191.70;-94.77;-11.70;255.00
26150064;186.96;-112.00;-6.96;255.00
26200068;181.36;-292.93;-1.36;255.00
26250068;166.71;284.32;13.29;255.00
26300068;180.93;-120.62;-0.93;255.00
26350072;174.90;103.39;5.10;255.00
26400072;180.07;-68.93;-0.07;255.00
26450072;176.62;103.39;3.38;255.00
26500072;181.79;-112.00;-1.79;255.00
26550072;176.19;120.62;3.81;255.00
26600072;182.22;-94.77;-2.22;255.00
26650072;177.48;60.31;2.52;255.00
26700072;180.50;-137.85;-0.50;255.00
26750072;173.61;86.16;6.39;255.00
26800076;177.91;103.39;2.09;255.00
26850076;183.08;-198.16;-3.08;255.00
26900076;173.18;103.39;6.82;255.00
26950076;178.35;120.62;1.65;255.00
27000076;184.38;-215.39;-4.38;255.00
27050076;173.61;34.46;6.39;255.00
27100076;175.33;112.00;4.67;255.00
27150076;180.93;-215.39;-0.93;255.00
27200076;170.16;137.85;9.84;255.00
27250076;177.05;103.39;2.95;255.00
27300076;182.22;-224.01;-2.22;255.00
27350076;171.02;103.39;8.98;255.00
27400076;176.19;103.39;3.81;255.00
27450076;181.36;-241.24;-1.36;255.00
27500076;169.30;34.46;10.70;255.00
27550076;171.02;103.39;8.98;255.00
27600080;176.19;215.39;3.81;255.00
27650080;186.96;-258.47;-6.96;255.00
27700080;174.04;120.62;5.96;255.00
27750080;180.07;103.39;-0.07;255.00
27800080;185.24;-232.62;-5.24;255.00
27850080;173.61;129.24;6.39;255.00
27900080;180.07;112.00;-0.07;255.00
27950088;185.67;-232.62;-5.67;255.00
28000088;174.04;155.08;5.96;255.00
28050088;181.79;-103.39;-1.79;255.00
28100088;176.62;86.16;3.38;255.00
28150088;180.93;-77.54;-0.93;255.00
28200088;177.05;86.16;2.95;255.00
28250088;181.36;-129.24;-1.36;255.00
28300088;174.90;34.46;5.10;255.00
28350088;176.62;103.39;3.38;255.00
28400088;181.79;-232.62;-1.79;255.00
28450088;170.16;146.47;9.84;255.00
28500088;177.48;112.00;2.52;255.00
28550088;183.08;-241.24;-3.08;255.00
28600088;171.02;146.47;8.98;255.00
28650092;178.35;103.39;1.65;255.00
28700092;183.51;-232.62;-3.51;255.00
28750092;171.88;51.69;8.12;255.00
28800092;174.47;68.93;5.53;255.00
28850092;177.91;232.62;2.09;255.00
28900092;189.55;-249.86;-9.55;255.00
28950092;177.05;68.93;2.95;255.00
29000092;180.50;60.31;-0.50;255.00
29050092;183.51;-258.47;-3.51;255.00
29100092;170.59;17.23;9.41;255.00
29150092;171.45;60.31;8.55;255.00
29200092;174.47;267.09;5.53;255.00
29250092;187.82;-249.86;-7.82;255.00
29300092;175.33;94.77;4.67;255.00
29350092;180.07;103.39;-0.07;255.00
29400092;185.24;-275.70;-5.24;255.00
29450092;171.45;103.39;8.55;255.00
29500092;176.62;112.00;3.38;255.00
29550092;182.22;258.47;-2.22;255.00
29600092;195.15;-318.78;-15.15;255.00
29650092;179.21;112.00;0.79;255.00
29700092;184.81;-103.39;-4.81;255.00
29750092;179.64;77.54;0.36;255.00
29800092;183.51;-103.39;-3.51;255.00
29850092;178.35;51.69;1.65;255.00
29900092;180.93;120.62;-0.93;255.00
29950092;186.96;-224.01;-6.96;255.00
30000092;175.76;103.39;4.24;255.00
30050092;180.93;43.08;-0.93;255.00
30100092;183.08;-232.62;-3.08;255.00
30150092;171.45;103.39;8.55;255.00
30200092;176.62;112.00;3.38;255.00
30250092;182.22;-249.86;-2.22;255.00
30300092;169.73;112.00;10.27;255.00
30350092;175.33;120.62;4.67;255.00
30400092;181.36;249.86;-1.36;255.00
30450092;193.85;-292.93;-13.85;255.00
30500092;179.21;112.00;0.79;255.00
30550092;184.81;-120.62;-4.81;255.00
30600092;178.78;120.62;1.22;255.00
30650092;184.81;-103.39;-4.81;255.00
30700092;179.64;17.23;0.36;255.00
30750092;180.50;68.93;-0.50;255.00
30800092;183.95;-232.62;-3.95;255.00
30850092;172.31;77.54;7.69;255.00
30900092;176.19;112.00;3.81;255.00
30950092;181.79;241.24;-1.79;255.00
31000092;193.85;-301.55;-13.85;255.00
31050092;178.78;25.85;1.22;255.00
31100092;180.07;77.54;-0.07;255.00
31150092;183.95;-249.86;-3.95;255.00
31200092;171.45;43.08;8.55;255.00
31250092;173.61;60.31;6.39;255.00
31300092;176.62;258.47;3.38;255.00
31350092;189.55;-267.09;-9.55;255.00
31400092;176.19;103.39;3.81;255.00
31450092;181.36;112.00;-1.36;255.00
31500092;186.96;-284.32;-6.96;255.00
31550092;172.75;120.62;7.26;255.00
31600092;178.78;103.39;1.22;255.00
31650092;183.95;-258.47;-3.95;255.00
31700092;171.02;103.39;8.98;255.00
31750092;176.19;94.77;3.81;255.00
31800092;180.93;275.70;-0.93;255.00
31850092;194.72;-275.70;-14.72;255.00
31900092;180.93;103.39;-0.93;255.00
31950092;186.10;-94.77;-6.10;255.00
32000092;181.36;-86.16;-1.36;255.00
32050092;177.05;189.55;2.95;255.00
32100092;186.53;-155.08;-6.53;255.00
32150092;178.78;60.31;1.22;255.00
32200092;181.79;-112.00;-1.79;255.00
32250092;176.19;68.93;3.81;255.00
32300092;179.64;129.24;0.36;255.00
32350092;186.10;-232.62;-6.10;255.00
32400092;174.47;34.46;5.53;255.00
32450096;176.19;60.31;3.81;255.00
32500096;179.21;232.62;0.79;255.00
32550096;190.84;-301.55;-10.84;255.00
32600096;175.76;60.31;4.24;255.00
32650096;178.78;68.93;1.22;255.00
32700096;182.22;-267.09;-2.22;255.00
32750096;168.87;51.69;11.13;255.00
32800096;171.45;68.93;8.55;255.00
32850096;174.90;249.86;5.10;255.00
32900104;187.39;-241.24;-7.39;255.00
32950104;175.33;146.47;4.67;255.00
33000104;182.65;-129.24;-2.65;255.00
33050104;176.19;120.62;3.81;255.00
33100104;182.22;-103.39;-2.22;255.00
33150104;177.05;34.46;2.95;255.00
33200104;178.78;112.00;1.22;255.00
33250104;184.38;-224.01;-4.38;255.00
33300104;173.18;120.62;6.82;255.00
33350104;179.21;43.08;0.79;255.00
33400104;181.36;198.16;-1.36;255.00
33450104;191.27;-215.39;-11.27;255.00
33500104;180.50;129.24;-0.50;255.00
33550104;186.96;-103.39;-6.96;255.00
33600104;181.79;-60.31;-1.79;255.00
33650104;178.78;180.93;1.22;255.00
33700104;187.82;-155.08;-7.82;255.00
33750104;180.07;120.62;-0.07;255.00
33800104;186.10;-51.69;-6.10;255.00
33850104;183.51;-129.24;-3.51;255.00
33900104;177.05;241.24;2.95;255.00
33950104;189.11;-163.70;-9.11;255.00
34000104;180.93;-129.24;-0.93;255.00
34050104;174.47;241.24;5.53;255.00
34100104;186.53;-137.85;-6.53;255.00
34150104;179.64;120.62;0.36;255.00
34200104;185.67;-43.08;-5.67;255.00
34250104;183.51;-120.62;-3.51;255.00
34300104;177.48;241.24;2.52;255.00
34350104;189.55;-129.24;-9.55;255.00
34400104;183.08;-120.62;-3.08;255.00
34450104;177.05;241.24;2.95;255.00
34500104;189.11;-103.39;-9.11;255.00
34550104;183.95;-120.62;-3.95;255.00
34600104;177.91;241.24;2.09;255.00
34650104;189.98;-146.47;-9.98;255.00
34700104;182.65;-103.39;-2.65;255.00
34750104;177.48;292.93;2.52;255.00
34800104;192.13;-25.85;-12.13;255.00
34850104;190.84;-120.62;-10.84;255.00
34900104;184.81;-241.24;-4.81;255.00
34950104;172.74;292.93;7.26;255.00
35000104;187.39;-34.46;-7.39;255.00
35050104;185.67;-120.62;-5.67;255.00
35100104;179.64;-267.09;0.36;255.00
35150104;166.28;310.17;13.72;255.00
35200104;181.79;-120.62;-1.79;255.00
35250104;175.76;120.62;4.24;255.00
35300104;181.79;-17.23;-1.79;255.00
35350104;180.93;-129.24;-0.93;255.00
35400104;174.47;241.24;5.53;255.00
35450104;186.53;-129.24;-6.53;255.00
35500104;180.07;-86.16;-0.07;255.00
35550104;175.76;284.32;4.24;255.00
35600104;189.98;-43.08;-9.98;255.00
35650104;187.82;-120.62;-7.82;255.00
35700104;181.79;-275.70;-1.79;255.00
35750104;168.01;241.24;11.99;255.00
35800104;180.07;-103.39;-0.07;255.00
35850104;174.90;120.62;5.10;255.00
35900104;180.93;-43.08;-0.93;255.00
35950104;178.78;-86.16;1.22;255.00
36000104;174.47;258.47;5.53;255.00
36050104;187.39;-120.62;-7.39;255.00
36100104;181.36;-120.62;-1.36;255.00
36150104;175.33;241.24;4.67;255.00
36200104;187.39;-137.85;-7.39;255.00
36250104;180.50;-120.62;-0.50;255.00
36300104;174.47;258.47;5.53;255.00
36350104;187.39;-103.39;-7.39;255.00
36400104;182.22;-120.62;-2.22;255.00
36450104;176.19;292.93;3.81;255.00
36500104;190.84;-103.39;-10.84;255.00
36550104;185.67;-120.62;-5.67;255.00
36600104;179.64;-275.70;0.36;255.00
36650104;165.85;310.17;14.15;255.00
36700104;181.36;-120.62;-1.36;255.00
36750108;175.33;112.00;4.67;255.00
36800108;180.93;-60.31;-0.93;255.00
36850108;177.91;120.62;2.09;255.00
36900108;183.95;-43.08;-3.95;255.00
36950108;181.79;-103.39;-1.79;255.00
37000108;176.62;267.09;3.38;255.00
37050108;189.98;-34.46;-9.98;255.00
37100108;188.25;-77.54;-8.25;255.00
37150108;184.38;-241.24;-4.38;255.00
37200108;172.31;267.09;7.69;255.00
37250108;185.67;-129.24;-5.67;255.00
37300108;179.21;-129.24;0.79;255.00
37350108;172.74;275.70;7.26;255.00
37400108;186.53;-77.54;-6.53;255.00
37450108;182.65;-129.24;-2.65;255.00
37500108;176.19;292.93;3.81;255.00
37550108;190.84;-94.77;-10.84;255.00
37600108;186.10;-120.62;-6.10;255.00
37650108;180.07;-241.24;-0.07;255.00
37700108;168.01;318.78;11.99;255.00
37750108;183.95;-51.69;-3.95;255.00
37800108;181.36;-120.62;-1.36;255.00
37850108;175.33;301.55;4.67;255.00
37900108;190.41;-43.08;-10.41;255.00
37950108;188.25;-120.62;-8.25;255.00
38000108;182.22;-241.24;-2.22;255.00
38050108;170.16;336.01;9.84;255.00
38100108;186.96;-120.62;-6.96;255.00
38150108;180.93;-112.00;-0.93;255.00
38200108;175.33;318.78;4.67;255.00
38250108;191.27;-86.16;-11.27;255.00
38300108;186.96;-120.62;-6.96;255.00
38350108;180.93;-249.86;-0.93;255.00
38400108;168.44;327.40;11.56;255.00
38450108;184.81;-94.77;-4.81;255.00
38500108;180.07;-129.24;-0.07;255.00
38550108;173.61;327.40;6.39;255.00
38600108;189.98;-94.77;-9.98;255.00
38650108;185.24;-137.85;-5.24;255.00
38700108;178.35;-310.17;1.65;255.00
38750108;162.84;275.70;17.16;255.00
38800108;176.62;-103.39;3.38;137.36
38850108;171.45;68.93;8.55;255.00
38900108;174.90;103.39;5.10;255.00
38950108;180.07;-180.93;-0.07;255.00
39000108;171.02;163.70;8.98;255.00
39050108;179.21;-43.08;0.79;255.00
39100108;177.05;129.24;2.95;255.00
39150108;183.51;-51.69;-3.51;255.00
39200108;180.93;-103.39;-0.93;255.00
39250108;175.76;232.62;4.24;255.00
39300112;187.39;-137.85;-7.39;255.00
39350112;180.50;-137.85;-0.50;255.00
39400112;173.61;241.24;6.39;255.00
39450112;185.67;-155.08;-5.67;255.00
39500112;177.91;-120.62;2.09;255.00
39550112;171.88;241.24;8.12;255.00
39600112;183.95;-60.31;-3.95;255.00
39650112;180.93;-103.39;-0.93;255.00
39700112;175.76;249.86;4.24;255.00
39750112;188.25;-112.00;-8.25;255.00
39800112;182.65;-120.62;-2.65;255.00
39850112;176.62;241.24;3.38;255.00
39900112;188.68;-129.24;-8.68;255.00
39950112;182.22;-103.39;-2.22;255.00
40000112;177.05;292.93;2.95;129.75
40050112;191.70;-112.00;-11.70;255.00
40100112;186.10;-224.01;-6.10;255.00
40150112;174.90;249.86;5.10;255.00
40200112;187.39;-103.39;-7.39;255.00
40250112;182.22;-146.47;-2.22;255.00
40300112;174.90;258.47;5.10;255.00
40350112;187.82;-120.62;-7.82;255.00
40400112;181.79;-120.62;-1.79;255.00
40450112;175.76;275.70;4.24;255.00
40500112;189.55;-137.85;-9.55;255.00
40550112;182.65;-129.24;-2.65;255.00
40600112;176.19;-301.55;3.81;255.00
40650112;161.11;275.70;18.89;255.00
40700112;174.90;129.24;5.10;255.00
40750112;181.36;-180.93;-1.36;255.00
40800112;172.31;137.85;7.69;255.00
40850112;179.21;-25.85;0.79;255.00
40900112;177.91;-86.16;2.09;255.00
40950112;173.61;249.86;6.39;255.00
41000112;186.10;-94.77;-6.10;255.00
41050120;181.36;-112.00;-1.36;255.00
41100120;175.76;249.86;4.24;255.00
41150120;188.25;-112.00;-8.25;255.00
41200120;182.65;-103.39;-2.65;255.00
41250120;177.48;-275.70;2.52;255.00
41300120;163.70;284.32;16.30;255.00
41350120;177.91;-120.62;2.09;255.00
41400120;171.88;120.62;8.12;255.00
41450120;177.91;68.93;2.09;255.00
41500120;181.36;-189.55;-1.36;255.00
41550120;171.88;68.93;8.12;255.00
41600120;175.33;137.85;4.67;255.00
41650120;182.22;-180.93;-2.22;255.00
41700120;173.18;103.39;6.82;255.00
41750120;178.35;129.24;1.65;255.00
41800120;184.81;-224.01;-4.81;255.00
41850120;173.61;94.77;6.39;255.00
41900120;178.35;86.16;1.65;255.00
41950120;182.65;-241.24;-2.65;255.00
42000120;170.59;34.46;9.41;255.00
42050120;172.31;94.77;7.69;255.00
42100124;177.05;224.01;2.95;255.00
42150124;188.25;-258.47;-8.25;255.00
42200124;175.33;77.54;4.67;255.00
42250124;179.21;112.00;0.79;255.00
42300124;184.81;-267.09;-4.81;255.00
42350124;171.45;60.31;8.55;255.00
42400124;174.47;112.00;5.53;255.00
42450124;180.07;-232.62;-0.07;255.00
42500124;168.44;146.47;11.56;255.00
42550124;175.76;112.00;4.24;255.00
42600124;181.36;-224.01;-1.36;255.00
42650124;170.16;77.54;9.84;255.00
42700124;174.04;68.93;5.96;255.00
42750124;177.48;258.47;2.52;255.00
42800124;190.41;-241.24;-10.41;255.00
42850124;178.35;137.85;1.65;255.00
42900124;185.24;-120.62;-5.24;255.00
42950124;179.21;129.24;0.79;255.00
43000124;185.67;-120.62;-5.67;255.00
43050124;179.64;86.16;0.36;255.00
43100124;183.95;-68.93;-3.95;255.00
43150124;180.50;-155.08;-0.50;255.00
43200124;172.74;206.78;7.26;255.00
43250124;183.08;-51.69;-3.08;255.00
43300124;180.50;-103.39;-0.50;255.00
43350124;175.33;241.24;4.67;255.00
43400124;187.39;-146.47;-7.39;255.00
43450124;180.07;103.39;-0.07;255.00
43500124;185.24;-51.69;-5.24;255.00
43550124;182.65;-129.24;-2.65;255.00
43600124;176.19;241.24;3.81;255.00
43650124;188.25;-155.08;-8.25;255.00
43700124;180.50;-120.62;-0.50;255.00
43750124;174.47;241.24;5.53;255.00
43800124;186.53;-120.62;-6.53;255.00
43850124;180.50;-120.62;-0.50;255.00
43900124;174.47;241.24;5.53;255.00
43950124;186.53;-146.47;-6.53;255.00
44000124;179.21;112.00;0.79;255.00
44050124;184.81;-129.24;-4.81;255.00
44100124;178.35;112.00;1.65;255.00
44150124;183.95;-112.00;-3.95;255.00
44200124;178.35;94.77;1.65;255.00
44250124;183.08;-94.77;-3.08;255.00
44300124;178.35;137.85;1.65;255.00
44350124;185.24;-60.31;-5.24;255.00
44400124;182.22;-146.47;-2.22;255.00
44450124;174.90;224.01;5.10;255.00
44500124;186.10;-25.85;-6.10;255.00
44550124;184.81;-77.54;-4.81;255.00
44600124;180.93;-232.62;-0.93;255.00
44650124;169.30;301.55;10.70;255.00
44700124;184.38;-60.31;-4.38;255.00
44750124;181.36;-120.62;-1.36;255.00
44800124;175.33;284.32;4.67;255.00
44850124;189.55;-60.31;-9.55;255.00
44900124;186.53;-120.62;-6.53;255.00
44950124;180.50;-258.47;-0.50;255.00
45000124;167.58;318.78;12.42;255.00
45050124;183.51;-60.31;-3.51;255.00
45100124;180.50;-120.62;-0.50;255.00
45150124;174.47;292.93;5.53;255.00
45200124;189.11;-43.08;-9.11;255.00
45250124;186.96;-120.62;-6.96;255.00
45300124;180.93;-275.70;-0.93;255.00
45350124;167.14;310.17;12.86;255.00
45400124;182.65;-155.08;-2.65;255.00
45450124;174.90;137.85;5.10;255.00
45500124;181.79;-77.54;-1.79;255.00
45550124;177.91;112.00;2.09;255.00
45600124;183.51;-60.31;-3.51;255.00
45650124;180.50;-94.77;-0.50;255.00
45700124;175.76;275.70;4.24;255.00
45750124;189.55;-34.46;-9.55;255.00
45800124;187.82;-77.54;-7.82;255.00
45850124;183.95;-232.62;-3.95;255.00
45900124;172.31;275.70;7.69;255.00
45950124;186.10;-34.46;-6.10;255.00
46000124;184.38;-129.24;-4.38;255.00
46050124;177.91;241.24;2.09;255.00
46100124;189.98;-120.62;-9.98;255.00
46150124;183.95;-137.85;-3.95;255.00
46200124;177.05;275.70;2.95;255.00
46250124;190.84;-137.85;-10.84;255.00
46300124;183.95;-137.85;-3.95;255.00
46350124;177.05;275.70;2.95;255.00
46400124;190.84;-94.77;-10.84;255.00
46450124;186.10;-112.00;-6.10;255.00
46500124;180.50;-284.32;-0.50;255.00
46550124;166.28;258.47;13.72;255.00