Time,X(CH1),
Second,Volt,
-4.0799996e-04,-0.00000e+00,
-4.0399996e-04,-7.99999e-02,
-3.9999996e-04,-7.99999e-02,
-3.9599996e-04,-0.00000e+00,
-3.9199996e-04,-0.00000e+00,
-3.8799996e-04,-7.99999e-02,
-3.8399996e-04,-0.00000e+00,
-3.7999995e-04,-7.99999e-02,
-3.7599995e-04,-7.99999e-02,
-3.7199995e-04,-0.00000e+00,
-3.6799995e-04,-0.00000e+00,
-3.6399995e-04,-7.99999e-02,
-3.5999995e-04,-0.00000e+00,
-3.5599995e-04,-7.99999e-02,
-3.5199994e-04,-7.99999e-02,
-3.4799994e-04,-0.00000e+00,
-3.4399994e-04,-0.00000e+00,
-3.3999994e-04,-7.99999e-02,
-3.3599994e-04,-0.00000e+00,
-3.3199994e-04,-7.99999e-02,
-3.2799994e-04,-0.00000e+00,
-3.2399994e-04,-7.99999e-02,
-3.1999993e-04,-7.99999e-02,
-3.1599993e-04,-0.00000e+00,
-3.1199993e-04,-0.00000e+00,
-3.0799993e-04,-7.99999e-02,
-3.0399993e-04,-7.99999e-02,
-2.9999993e-04,-0.00000e+00,
-2.9599993e-04,-0.00000e+00,
-2.9199992e-04,-7.99999e-02,
-2.8799992e-04,-0.00000e+00,
-2.8399992e-04,-7.99999e-02,
-2.7999992e-04,-0.00000e+00,
-2.7599992e-04,-7.99999e-02,
-2.7199992e-04,-7.99999e-02,
-2.6799992e-04,7.99999e-02,
-2.6399991e-04,-0.00000e+00,
-2.5999991e-04,-7.99999e-02,
-2.5599991e-04,-0.00000e+00,
-2.5199991e-04,-7.99999e-02,
-2.4799991e-04,-7.99999e-02,
-2.4399991e-04,-0.00000e+00,
-2.3999991e-04,-7.99999e-02,
-2.3599991e-04,-0.00000e+00,
-2.3199990e-04,-0.00000e+00,
-2.2799990e-04,-7.99999e-02,
-2.2399990e-04,-0.00000e+00,
-2.1999990e-04,-7.99999e-02,
-2.1599990e-04,-0.00000e+00,
-2.1199990e-04,-7.99999e-02,
-2.0799990e-04,-0.00000e+00,
-2.0399989e-04,-7.99999e-02,
-1.9999989e-04,-0.00000e+00,
-1.9599989e-04,-7.99999e-02,
-1.9199989e-04,-0.00000e+00,
-1.8799989e-04,-7.99999e-02,
-1.8399989e-04,-7.99999e-02,
-1.7999989e-04,-0.00000e+00,
-1.7599988e-04,-7.99999e-02,
-1.7199988e-04,-0.00000e+00,
-1.6799988e-04,-0.00000e+00,
-1.6399988e-04,-0.00000e+00,
-1.5999988e-04,-0.00000e+00,
-1.5599988e-04,-0.00000e+00,
-1.5199988e-04,-0.00000e+00,
-1.4799988e-04,-7.99999e-02,
-1.4399987e-04,-7.99999e-02,
-1.3999987e-04,-0.00000e+00,
-1.3599987e-04,-0.00000e+00,
-1.3199987e-04,-7.99999e-02,
-1.2799987e-04,-0.00000e+00,
-1.2399987e-04,-7.99999e-02,
-1.1999987e-04,-0.00000e+00,
-1.1599986e-04,-7.99999e-02,
-1.1199986e-04,-0.00000e+00,
-1.0799986e-04,-7.99999e-02,
-1.0399986e-04,-0.00000e+00,
-9.9999859e-05,-7.99999e-02,
-9.5999858e-05,-0.00000e+00,
-9.1999857e-05,-0.00000e+00,
-8.7999855e-05,-0.00000e+00,
-8.3999854e-05,-7.99999e-02,
-7.9999852e-05,-0.00000e+00,
-7.5999851e-05,-7.99999e-02,
-7.1999850e-05,-0.00000e+00,
-6.7999848e-05,-7.99999e-02,
-6.3999847e-05,-0.00000e+00,
-5.9999846e-05,-7.99999e-02,
-5.5999844e-05,-0.00000e+00,
-5.1999843e-05,-0.00000e+00,
-4.7999842e-05,-7.99999e-02,
-4.3999840e-05,-0.00000e+00,
-3.9999839e-05,-0.00000e+00,
-3.5999838e-05,-7.99999e-02,
-3.1999836e-05,-7.99999e-02,
-2.7999837e-05,-0.00000e+00,
-2.3999837e-05,-7.99999e-02,
-1.9999838e-05,-0.00000e+00,
-1.5999838e-05,-7.99999e-02,
-1.1999839e-05,-0.00000e+00,
-7.9998390e-06,-0.00000e+00,
-3.9998390e-06,-7.99999e-02,
1.6098056e-10,-0.00000e+00,
4.0001610e-06,1.28000e+00,
8.0001610e-06,4.16000e+00,
1.2000160e-05,7.92000e+00,
1.6000160e-05,7.60000e+00,
2.0000160e-05,6.40000e+00,
2.4000159e-05,6.32000e+00,
2.8000159e-05,5.36000e+00,
3.2000160e-05,5.20000e+00,
3.6000161e-05,4.72000e+00,
4.0000163e-05,4.64000e+00,
4.4000164e-05,4.40000e+00,
4.8000165e-05,4.40000e+00,
5.2000167e-05,4.32000e+00,
5.6000168e-05,4.48000e+00,
6.0000169e-05,4.64000e+00,
6.4000167e-05,4.72000e+00,
6.8000169e-05,5.04000e+00,
7.2000170e-05,5.04000e+00,
7.6000171e-05,5.52000e+00,
8.0000173e-05,5.60000e+00,
8.4000174e-05,6.00000e+00,
8.8000175e-05,6.00000e+00,
9.2000177e-05,6.48000e+00,
9.6000178e-05,6.56000e+00,
1.0000018e-04,6.96000e+00,
1.0400018e-04,7.04000e+00,
1.0800018e-04,7.36000e+00,
1.1200018e-04,7.44000e+00,
1.1600018e-04,7.76000e+00,
1.2000019e-04,7.84000e+00,
1.2400019e-04,8.08000e+00,
1.2800019e-04,8.16000e+00,
1.3200019e-04,8.40000e+00,
1.3600019e-04,8.48000e+00,
1.4000019e-04,8.72000e+00,
1.4400019e-04,8.72000e+00,
1.4800020e-04,8.88000e+00,
1.5200020e-04,8.88000e+00,
1.5600020e-04,9.04000e+00,
1.6000020e-04,9.04000e+00,
1.6400020e-04,9.20000e+00,
1.6800020e-04,9.20000e+00,
1.7200020e-04,9.36000e+00,
1.7600021e-04,9.28000e+00,
1.8000021e-04,9.36000e+00,
1.8400021e-04,9.36000e+00,
1.8800021e-04,9.52000e+00,
1.9200021e-04,9.52000e+00,
1.9600021e-04,9.52000e+00,
2.0000021e-04,9.52000e+00,
2.0400021e-04,9.60000e+00,
2.0800022e-04,9.60000e+00,
2.1200022e-04,9.68000e+00,
2.1600022e-04,9.60000e+00,
2.2000022e-04,9.68000e+00,
2.2400022e-04,9.68000e+00,
2.2800022e-04,9.68000e+00,
2.3200022e-04,9.68000e+00,
2.3600023e-04,9.76000e+00,
2.4000023e-04,9.76000e+00,
2.4400023e-04,9.68000e+00,
2.4800023e-04,9.76000e+00,
2.5200023e-04,9.84000e+00,
2.5600023e-04,9.76000e+00,
2.6000023e-04,9.84000e+00,
2.6400023e-04,9.76000e+00,
2.6800024e-04,9.84000e+00,
2.7200024e-04,9.84000e+00,
2.7600024e-04,9.68000e+00,
2.8000024e-04,9.76000e+00,
2.8400024e-04,9.84000e+00,
2.8800024e-04,9.84000e+00,
2.9200024e-04,9.76000e+00,
2.9600025e-04,9.84000e+00,
3.0000025e-04,9.76000e+00,
3.0400025e-04,9.84000e+00,
3.0800025e-04,9.84000e+00,
3.1200025e-04,9.84000e+00,
3.1600025e-04,9.84000e+00,
3.2000025e-04,9.84000e+00,
3.2400026e-04,9.84000e+00,
3.2800026e-04,9.84000e+00,
3.3200026e-04,9.84000e+00,
3.3600026e-04,9.84000e+00,
3.4000026e-04,9.84000e+00,
3.4400026e-04,9.84000e+00,
3.4800026e-04,9.92000e+00,
3.5200026e-04,9.84000e+00,
3.5600027e-04,9.92000e+00,
3.6000027e-04,9.84000e+00,
3.6400027e-04,9.84000e+00,
3.6800027e-04,9.84000e+00,
3.7200027e-04,9.84000e+00,
3.7600027e-04,9.92000e+00,
3.8000027e-04,9.76000e+00,
3.8400028e-04,9.84000e+00,
3.8800028e-04,9.84000e+00,
3.9200028e-04,9.84000e+00,
3.9600028e-04,9.84000e+00,
4.0000028e-04,9.84000e+00,
4.0400028e-04,9.76000e+00,
4.0800028e-04,9.84000e+00,
4.1200028e-04,9.76000e+00,
4.1600029e-04,9.76000e+00,
4.2000029e-04,9.68000e+00,
4.2400029e-04,9.76000e+00,
4.2800029e-04,9.84000e+00,
4.3200029e-04,9.84000e+00,
4.3600029e-04,1.00000e+01,
4.4000029e-04,9.84000e+00,
4.4400030e-04,9.92000e+00,
4.4800030e-04,9.92000e+00,
4.5200030e-04,9.84000e+00,
4.5600030e-04,9.92000e+00,
4.6000030e-04,9.84000e+00,
4.6400030e-04,9.92000e+00,
4.6800030e-04,9.84000e+00,
4.7200031e-04,9.92000e+00,
4.7600031e-04,9.84000e+00,
4.8000031e-04,9.84000e+00,
4.8400031e-04,9.92000e+00,
4.8800031e-04,9.84000e+00,
4.9200031e-04,9.92000e+00,
4.9600028e-04,9.84000e+00,
5.0000026e-04,9.84000e+00,
5.0400023e-04,9.92000e+00,
5.0800020e-04,9.84000e+00,
5.1200017e-04,9.84000e+00,
5.1600015e-04,9.84000e+00,
5.2000012e-04,9.92000e+00,
5.2400009e-04,9.84000e+00,
5.2800006e-04,9.84000e+00,
5.3200003e-04,9.92000e+00,
5.3600001e-04,9.84000e+00,
5.3999998e-04,9.92000e+00,
5.4399995e-04,9.84000e+00,
5.4799992e-04,9.92000e+00,
5.5199990e-04,9.92000e+00,
5.5599987e-04,9.92000e+00,
5.5999984e-04,9.84000e+00,
5.6399981e-04,9.92000e+00,
5.6799978e-04,9.92000e+00,
5.7199976e-04,9.84000e+00,
5.7599973e-04,9.84000e+00,
5.7999970e-04,1.00000e+01,
5.8399967e-04,9.92000e+00,
5.8799965e-04,9.84000e+00,
5.9199962e-04,9.92000e+00,
5.9599959e-04,9.84000e+00,
5.9999956e-04,9.84000e+00,
6.0399954e-04,9.92000e+00,
6.0799951e-04,9.92000e+00,
6.1199948e-04,9.84000e+00,
6.1599945e-04,9.84000e+00,
6.1999942e-04,1.00000e+01,
6.2399940e-04,9.92000e+00,
6.2799937e-04,1.00000e+01,
6.3199934e-04,9.84000e+00,
6.3599931e-04,9.92000e+00,
6.3999929e-04,9.84000e+00,
6.4399926e-04,9.92000e+00,
6.4799923e-04,9.92000e+00,
6.5199920e-04,9.84000e+00,
6.5599917e-04,9.92000e+00,
6.5999915e-04,9.92000e+00,
6.6399912e-04,1.00000e+01,
6.6799909e-04,9.84000e+00,
6.7199906e-04,1.00000e+01,
6.7599904e-04,9.92000e+00,
6.7999901e-04,1.00000e+01,
6.8399898e-04,9.84000e+00,
6.8799895e-04,9.92000e+00,
6.9199892e-04,9.84000e+00,
6.9599890e-04,9.84000e+00,
6.9999887e-04,1.00000e+01,
7.0399884e-04,9.92000e+00,
7.0799881e-04,9.84000e+00,
7.1199879e-04,9.92000e+00,
7.1599876e-04,9.84000e+00,
7.1999873e-04,9.84000e+00,
7.2399870e-04,1.00000e+01,
7.2799867e-04,1.00000e+01,
7.3199865e-04,9.84000e+00,
7.3599862e-04,9.84000e+00,
7.3999859e-04,1.00000e+01,
7.4399856e-04,9.92000e+00,
7.4799854e-04,9.84000e+00,
7.5199851e-04,1.00000e+01,
7.5599848e-04,9.84000e+00,
7.5999845e-04,9.92000e+00,
7.6399843e-04,9.84000e+00,
7.6799840e-04,9.92000e+00,
7.7199837e-04,9.92000e+00,
7.7599834e-04,9.92000e+00,
7.7999831e-04,1.00000e+01,
7.8399829e-04,9.84000e+00,
7.8799826e-04,1.00000e+01,
7.9199823e-04,9.92000e+00,
7.9599820e-04,9.84000e+00,
7.9999818e-04,9.92000e+00,
8.0399815e-04,9.92000e+00,
8.0799812e-04,9.84000e+00,
8.1199809e-04,1.00000e+01,
8.1599806e-04,9.92000e+00,
8.1999804e-04,9.92000e+00,
8.2399801e-04,1.00000e+01,
8.2799798e-04,9.84000e+00,
8.3199795e-04,9.92000e+00,
8.3599793e-04,1.00000e+01,
8.3999790e-04,1.00000e+01,
8.4399787e-04,9.84000e+00,
8.4799784e-04,9.92000e+00,
8.5199781e-04,9.84000e+00,
8.5599779e-04,1.00000e+01,
8.5999776e-04,9.92000e+00,
8.6399773e-04,9.92000e+00,
8.6799770e-04,1.00000e+01,
8.7199768e-04,1.00000e+01,
8.7599765e-04,9.84000e+00,
8.7999762e-04,9.92000e+00,
8.8399759e-04,1.00000e+01,
8.8799756e-04,9.92000e+00,
8.9199754e-04,9.84000e+00,
8.9599751e-04,9.92000e+00,
8.9999748e-04,9.84000e+00,
9.0399745e-04,9.84000e+00,
9.0799743e-04,9.92000e+00,
9.1199740e-04,9.92000e+00,
9.1599737e-04,9.84000e+00,
9.1999734e-04,1.00000e+01,
9.2399732e-04,9.84000e+00,
9.2799729e-04,1.00000e+01,
9.3199726e-04,9.84000e+00,
9.3599723e-04,9.84000e+00,
9.3999720e-04,1.00000e+01,
9.4399718e-04,9.84000e+00,
9.4799715e-04,1.00000e+01,
9.5199712e-04,9.92000e+00,
9.5599709e-04,1.00000e+01,
9.5999707e-04,1.00000e+01,
9.6399704e-04,9.92000e+00,
9.6799701e-04,1.00000e+01,
9.7199698e-04,9.84000e+00,
9.7599695e-04,1.00000e+01,
9.7999698e-04,9.84000e+00,
9.8399702e-04,9.92000e+00,
9.8799705e-04,1.00000e+01,
9.9199708e-04,9.92000e+00,
9.9599711e-04,9.92000e+00,
9.9999714e-04,9.92000e+00,
1.0039972e-03,1.00000e+01,
1.0079972e-03,9.92000e+00,
1.0119972e-03,1.00000e+01,
1.0159973e-03,9.92000e+00,
1.0199973e-03,9.84000e+00,
1.0239973e-03,1.00000e+01,
1.0279974e-03,9.84000e+00,
1.0319974e-03,9.92000e+00,
1.0359974e-03,9.84000e+00,
1.0399974e-03,9.84000e+00,
1.0439975e-03,1.00000e+01,
1.0479975e-03,1.00000e+01,
1.0519975e-03,9.92000e+00,
1.0559976e-03,9.84000e+00,
1.0599976e-03,1.00000e+01,
1.0639976e-03,9.92000e+00,
1.0679977e-03,1.00000e+01,
1.0719977e-03,9.92000e+00,
1.0759977e-03,9.84000e+00,
1.0799977e-03,9.84000e+00,
1.0839978e-03,9.92000e+00,
1.0879978e-03,9.84000e+00,
1.0919978e-03,1.00000e+01,
1.0959979e-03,9.92000e+00,
1.0999979e-03,1.00000e+01,
1.1039979e-03,9.84000e+00,
1.1079980e-03,1.00000e+01,
1.1119980e-03,9.92000e+00,
1.1159980e-03,1.00000e+01,
1.1199981e-03,9.92000e+00,
1.1239981e-03,9.84000e+00,
1.1279981e-03,9.92000e+00,
1.1319981e-03,9.84000e+00,
1.1359982e-03,9.92000e+00,
1.1399982e-03,9.84000e+00,
1.1439982e-03,9.92000e+00,
1.1479983e-03,1.00000e+01,
1.1519983e-03,9.84000e+00,
1.1559983e-03,1.00000e+01,
1.1599984e-03,9.92000e+00,
1.1639984e-03,1.00000e+01,
1.1679984e-03,9.84000e+00,
1.1719984e-03,1.00000e+01,
1.1759985e-03,9.92000e+00,
1.1799985e-03,9.84000e+00,
1.1839985e-03,1.00000e+01,
1.1879986e-03,9.92000e+00,
1.1919986e-03,9.92000e+00,
1.1959986e-03,1.00000e+01,
1.1999987e-03,9.84000e+00,
1.2039987e-03,1.00000e+01,
1.2079987e-03,1.00000e+01,
1.2119988e-03,9.84000e+00,
1.2159988e-03,1.00000e+01,
1.2199988e-03,9.92000e+00,
1.2239988e-03,1.00000e+01,
1.2279989e-03,9.84000e+00,
1.2319989e-03,9.92000e+00,
1.2359989e-03,9.92000e+00,
1.2399990e-03,1.00000e+01,
1.2439990e-03,9.92000e+00,
1.2479990e-03,9.92000e+00,
1.2519991e-03,1.00000e+01,
1.2559991e-03,9.92000e+00,
1.2599991e-03,1.00000e+01,
1.2639991e-03,1.00000e+01,
1.2679992e-03,9.92000e+00,
1.2719992e-03,1.00000e+01,
1.2759992e-03,9.84000e+00,
1.2799993e-03,9.92000e+00,
1.2839993e-03,9.84000e+00,
1.2879993e-03,9.92000e+00,
1.2919994e-03,1.00000e+01,
1.2959994e-03,1.00000e+01,
1.2999994e-03,9.92000e+00,
1.3039995e-03,9.92000e+00,
1.3079995e-03,9.84000e+00,
1.3119995e-03,9.92000e+00,
1.3159995e-03,1.00000e+01,
1.3199996e-03,1.00000e+01,
1.3239996e-03,9.84000e+00,
1.3279996e-03,9.92000e+00,
1.3319997e-03,9.84000e+00,
1.3359997e-03,9.92000e+00,
1.3399997e-03,1.00000e+01,
1.3439998e-03,1.00000e+01,
1.3479998e-03,9.84000e+00,
1.3519998e-03,9.92000e+00,
1.3559998e-03,9.84000e+00,
1.3599999e-03,9.84000e+00,
1.3639999e-03,1.00000e+01,
1.3679999e-03,9.92000e+00,
1.3720000e-03,9.84000e+00,
1.3760000e-03,9.92000e+00,
1.3800000e-03,9.84000e+00,
1.3840001e-03,9.84000e+00,
1.3880001e-03,1.00000e+01,
1.3920001e-03,9.92000e+00,
1.3960002e-03,9.84000e+00,
1.4000002e-03,9.84000e+00,
1.4040002e-03,9.92000e+00,
1.4080002e-03,9.92000e+00,
1.4120003e-03,1.00000e+01,
1.4160003e-03,9.92000e+00,
1.4200003e-03,9.92000e+00,
1.4240004e-03,9.84000e+00,
1.4280004e-03,9.92000e+00,
1.4320004e-03,1.00000e+01,
1.4360005e-03,9.84000e+00,
1.4400005e-03,9.92000e+00,
1.4440005e-03,9.84000e+00,
1.4480005e-03,9.84000e+00,
1.4520006e-03,9.92000e+00,
1.4560006e-03,9.92000e+00,
1.4600006e-03,1.00000e+01,
1.4640007e-03,9.84000e+00,
1.4680007e-03,9.92000e+00,
1.4720007e-03,9.84000e+00,
1.4760008e-03,1.00000e+01,
1.4800008e-03,1.00000e+01,
1.4840008e-03,9.84000e+00,
1.4880009e-03,9.92000e+00,
1.4920009e-03,9.84000e+00,
1.4960009e-03,9.84000e+00,
1.5000009e-03,1.00000e+01,
1.5040010e-03,9.84000e+00,
1.5080010e-03,1.00000e+01,
1.5120010e-03,9.92000e+00,
1.5160011e-03,9.84000e+00,
1.5200011e-03,9.92000e+00,
1.5240011e-03,9.84000e+00,
1.5280012e-03,9.84000e+00,
1.5320012e-03,1.00000e+01,
1.5360012e-03,9.84000e+00,
1.5400012e-03,9.92000e+00,
1.5440013e-03,9.92000e+00,
1.5480013e-03,9.84000e+00,
1.5520013e-03,1.00000e+01,
1.5560014e-03,9.84000e+00,
1.5600014e-03,1.00000e+01,
1.5640014e-03,9.84000e+00,
1.5680015e-03,9.92000e+00,
1.5720015e-03,9.84000e+00,
1.5760015e-03,9.92000e+00,
1.5800016e-03,1.00000e+01,
1.5840016e-03,9.92000e+00,
1.5880016e-03,1.00000e+01,
1.5920016e-03,9.92000e+00,
1.5960017e-03,9.84000e+00,
1.6000017e-03,9.92000e+00,
1.6040017e-03,1.00000e+01,
1.6080018e-03,1.00000e+01,
1.6120018e-03,9.92000e+00,
1.6160018e-03,9.92000e+00,
1.6200019e-03,9.84000e+00,
1.6240019e-03,9.84000e+00,
1.6280019e-03,1.00000e+01,
1.6320019e-03,1.00000e+01,
1.6360020e-03,9.84000e+00,
1.6400020e-03,9.92000e+00,
1.6440020e-03,9.84000e+00,
1.6480021e-03,9.84000e+00,
1.6520021e-03,1.00000e+01,
1.6560021e-03,1.00000e+01,
1.6600022e-03,9.84000e+00,
1.6640022e-03,9.84000e+00,
1.6680022e-03,9.92000e+00,
1.6720023e-03,9.84000e+00,
1.6760023e-03,1.00000e+01,
1.6800023e-03,9.92000e+00,
1.6840023e-03,9.84000e+00,
1.6880024e-03,9.92000e+00,
1.6920024e-03,9.84000e+00,
1.6960024e-03,9.84000e+00,
1.7000025e-03,9.92000e+00,
1.7040025e-03,9.84000e+00,
1.7080025e-03,1.00000e+01,
1.7120026e-03,9.84000e+00,
1.7160026e-03,9.92000e+00,
1.7200026e-03,9.84000e+00,
1.7240027e-03,9.92000e+00,
1.7280027e-03,9.84000e+00,
1.7320027e-03,9.92000e+00,
1.7360027e-03,9.92000e+00,
1.7400028e-03,9.84000e+00,
1.7440028e-03,9.84000e+00,
1.7480028e-03,1.00000e+01,
1.7520029e-03,9.92000e+00,
1.7560029e-03,9.84000e+00,
1.7600029e-03,9.84000e+00,
1.7640030e-03,9.92000e+00,
1.7680030e-03,9.92000e+00,
1.7720030e-03,9.84000e+00,
1.7760030e-03,9.92000e+00,
1.7800031e-03,1.00000e+01,
1.7840031e-03,9.84000e+00,
1.7880031e-03,9.92000e+00,
1.7920032e-03,9.92000e+00,
1.7960032e-03,9.84000e+00,
1.8000032e-03,9.92000e+00,
1.8040033e-03,9.84000e+00,
1.8080033e-03,9.92000e+00,
1.8120033e-03,9.84000e+00,
1.8160034e-03,9.92000e+00,
1.8200034e-03,9.84000e+00,
1.8240034e-03,9.84000e+00,
1.8280034e-03,9.92000e+00,
1.8320035e-03,9.92000e+00,
1.8360035e-03,9.84000e+00,
1.8400035e-03,9.92000e+00,
1.8440036e-03,9.84000e+00,
1.8480036e-03,1.00000e+01,
1.8520036e-03,9.84000e+00,
1.8560037e-03,9.92000e+00,
1.8600037e-03,9.84000e+00,
1.8640037e-03,9.92000e+00,
1.8680037e-03,9.84000e+00,
1.8720038e-03,9.92000e+00,
1.8760038e-03,9.92000e+00,
1.8800038e-03,1.00000e+01,
1.8840039e-03,9.84000e+00,
1.8880039e-03,1.00000e+01,
1.8920039e-03,9.92000e+00,
1.8960040e-03,9.92000e+00,
1.9000040e-03,9.84000e+00,
1.9040040e-03,1.00000e+01,
1.9080041e-03,9.92000e+00,
1.9120041e-03,9.92000e+00,
1.9160041e-03,9.84000e+00,
1.9200041e-03,9.84000e+00,
1.9240042e-03,1.00000e+01,
1.9280042e-03,9.92000e+00,
1.9320042e-03,9.84000e+00,
1.9360043e-03,9.92000e+00,
1.9400043e-03,1.00000e+01,
1.9440043e-03,9.92000e+00,
1.9480044e-03,9.92000e+00,
1.9520044e-03,9.92000e+00,
1.9560044e-03,9.84000e+00,
1.9600044e-03,9.84000e+00,
1.9640045e-03,9.92000e+00,
1.9680045e-03,9.92000e+00,
1.9720045e-03,1.00000e+01,
1.9760046e-03,1.00000e+01,
1.9800046e-03,9.84000e+00,
1.9840046e-03,9.92000e+00,
1.9880047e-03,9.84000e+00,
